#0, [0, 0, 0, 0, 0, 0], seti 123 0 1, [0, 123, 0, 0, 1, 0]
#1, [0, 123, 0, 0, 1, 0], bani 1 456 1, [0, 72, 0, 0, 2, 0]
#2, [0, 72, 0, 0, 2, 0], eqri 1 72 1, [0, 1, 0, 0, 3, 0]
#3, [0, 1, 0, 0, 3, 0], addr 1 4 4, [0, 1, 0, 0, 5, 0]
#5, [0, 1, 0, 0, 5, 0], seti 0 6 1, [0, 0, 0, 0, 6, 0]
#6, [0, 0, 0, 0, 6, 0], bori 1 65536 3, [0, 0, 0, 65536, 7, 0]
#7, [0, 0, 0, 65536, 7, 0], seti 6780005 8 1, [0, 6780005, 0, 65536, 8, 0]
#8, [0, 6780005, 0, 65536, 8, 0], bani 3 255 2, [0, 6780005, 0, 65536, 9, 0]
#9, [0, 6780005, 0, 65536, 9, 0], addr 1 2 1, [0, 6780005, 0, 65536, 10, 0]
#10, [0, 6780005, 0, 65536, 10, 0], bani 1 16777215 1, [0, 6780005, 0, 65536, 11, 0]
#11, [0, 6780005, 0, 65536, 11, 0], muli 1 65899 1, [0, 446795549495, 0, 65536, 12, 0]
#12, [0, 446795549495, 0, 65536, 12, 0], bani 1 16777215 1, [0, 1510199, 0, 65536, 13, 0]
#13, [0, 1510199, 0, 65536, 13, 0], gtir 256 3 2, [0, 1510199, 0, 65536, 14, 0]
#14, [0, 1510199, 0, 65536, 14, 0], addr 2 4 4, [0, 1510199, 0, 65536, 15, 0]
#15, [0, 1510199, 0, 65536, 15, 0], addi 4 1 4, [0, 1510199, 0, 65536, 17, 0]
#17, [0, 1510199, 0, 65536, 17, 0], seti 0 5 2, [0, 1510199, 0, 65536, 18, 0]
#18, [0, 1510199, 0, 65536, 18, 0], addi 2 1 5, [0, 1510199, 0, 65536, 19, 1]
#19, [0, 1510199, 0, 65536, 19, 1], muli 5 256 5, [0, 1510199, 0, 65536, 20, 256]
#20, [0, 1510199, 0, 65536, 20, 256], gtrr 5 3 5, [0, 1510199, 0, 65536, 21, 0]
#21, [0, 1510199, 0, 65536, 21, 0], addr 5 4 4, [0, 1510199, 0, 65536, 22, 0]
#22, [0, 1510199, 0, 65536, 22, 0], addi 4 1 4, [0, 1510199, 0, 65536, 24, 0]
#24, [0, 1510199, 0, 65536, 24, 0], addi 2 1 2, [0, 1510199, 1, 65536, 25, 0]
#25, [0, 1510199, 1, 65536, 25, 0], seti 17 7 4, [0, 1510199, 1, 65536, 18, 0]
#18, [0, 1510199, 1, 65536, 18, 0], addi 2 1 5, [0, 1510199, 1, 65536, 19, 2]
#19, [0, 1510199, 1, 65536, 19, 2], muli 5 256 5, [0, 1510199, 1, 65536, 20, 512]
#20, [0, 1510199, 1, 65536, 20, 512], gtrr 5 3 5, [0, 1510199, 1, 65536, 21, 0]
#21, [0, 1510199, 1, 65536, 21, 0], addr 5 4 4, [0, 1510199, 1, 65536, 22, 0]
#22, [0, 1510199, 1, 65536, 22, 0], addi 4 1 4, [0, 1510199, 1, 65536, 24, 0]
#24, [0, 1510199, 1, 65536, 24, 0], addi 2 1 2, [0, 1510199, 2, 65536, 25, 0]
#25, [0, 1510199, 2, 65536, 25, 0], seti 17 7 4, [0, 1510199, 2, 65536, 18, 0]
#18, [0, 1510199, 2, 65536, 18, 0], addi 2 1 5, [0, 1510199, 2, 65536, 19, 3]
#19, [0, 1510199, 2, 65536, 19, 3], muli 5 256 5, [0, 1510199, 2, 65536, 20, 768]
#20, [0, 1510199, 2, 65536, 20, 768], gtrr 5 3 5, [0, 1510199, 2, 65536, 21, 0]
#21, [0, 1510199, 2, 65536, 21, 0], addr 5 4 4, [0, 1510199, 2, 65536, 22, 0]
#22, [0, 1510199, 2, 65536, 22, 0], addi 4 1 4, [0, 1510199, 2, 65536, 24, 0]
#24, [0, 1510199, 2, 65536, 24, 0], addi 2 1 2, [0, 1510199, 3, 65536, 25, 0]
#25, [0, 1510199, 3, 65536, 25, 0], seti 17 7 4, [0, 1510199, 3, 65536, 18, 0]
#18, [0, 1510199, 3, 65536, 18, 0], addi 2 1 5, [0, 1510199, 3, 65536, 19, 4]
#19, [0, 1510199, 3, 65536, 19, 4], muli 5 256 5, [0, 1510199, 3, 65536, 20, 1024]
#20, [0, 1510199, 3, 65536, 20, 1024], gtrr 5 3 5, [0, 1510199, 3, 65536, 21, 0]
#21, [0, 1510199, 3, 65536, 21, 0], addr 5 4 4, [0, 1510199, 3, 65536, 22, 0]
#22, [0, 1510199, 3, 65536, 22, 0], addi 4 1 4, [0, 1510199, 3, 65536, 24, 0]
#24, [0, 1510199, 3, 65536, 24, 0], addi 2 1 2, [0, 1510199, 4, 65536, 25, 0]
#25, [0, 1510199, 4, 65536, 25, 0], seti 17 7 4, [0, 1510199, 4, 65536, 18, 0]
#18, [0, 1510199, 4, 65536, 18, 0], addi 2 1 5, [0, 1510199, 4, 65536, 19, 5]
#19, [0, 1510199, 4, 65536, 19, 5], muli 5 256 5, [0, 1510199, 4, 65536, 20, 1280]
#20, [0, 1510199, 4, 65536, 20, 1280], gtrr 5 3 5, [0, 1510199, 4, 65536, 21, 0]
#21, [0, 1510199, 4, 65536, 21, 0], addr 5 4 4, [0, 1510199, 4, 65536, 22, 0]
#22, [0, 1510199, 4, 65536, 22, 0], addi 4 1 4, [0, 1510199, 4, 65536, 24, 0]
#24, [0, 1510199, 4, 65536, 24, 0], addi 2 1 2, [0, 1510199, 5, 65536, 25, 0]
#25, [0, 1510199, 5, 65536, 25, 0], seti 17 7 4, [0, 1510199, 5, 65536, 18, 0]
#18, [0, 1510199, 5, 65536, 18, 0], addi 2 1 5, [0, 1510199, 5, 65536, 19, 6]
#19, [0, 1510199, 5, 65536, 19, 6], muli 5 256 5, [0, 1510199, 5, 65536, 20, 1536]
#20, [0, 1510199, 5, 65536, 20, 1536], gtrr 5 3 5, [0, 1510199, 5, 65536, 21, 0]
#21, [0, 1510199, 5, 65536, 21, 0], addr 5 4 4, [0, 1510199, 5, 65536, 22, 0]
#22, [0, 1510199, 5, 65536, 22, 0], addi 4 1 4, [0, 1510199, 5, 65536, 24, 0]
#24, [0, 1510199, 5, 65536, 24, 0], addi 2 1 2, [0, 1510199, 6, 65536, 25, 0]
#25, [0, 1510199, 6, 65536, 25, 0], seti 17 7 4, [0, 1510199, 6, 65536, 18, 0]
#18, [0, 1510199, 6, 65536, 18, 0], addi 2 1 5, [0, 1510199, 6, 65536, 19, 7]
#19, [0, 1510199, 6, 65536, 19, 7], muli 5 256 5, [0, 1510199, 6, 65536, 20, 1792]
#20, [0, 1510199, 6, 65536, 20, 1792], gtrr 5 3 5, [0, 1510199, 6, 65536, 21, 0]
#21, [0, 1510199, 6, 65536, 21, 0], addr 5 4 4, [0, 1510199, 6, 65536, 22, 0]
#22, [0, 1510199, 6, 65536, 22, 0], addi 4 1 4, [0, 1510199, 6, 65536, 24, 0]
#24, [0, 1510199, 6, 65536, 24, 0], addi 2 1 2, [0, 1510199, 7, 65536, 25, 0]
#25, [0, 1510199, 7, 65536, 25, 0], seti 17 7 4, [0, 1510199, 7, 65536, 18, 0]
#18, [0, 1510199, 7, 65536, 18, 0], addi 2 1 5, [0, 1510199, 7, 65536, 19, 8]
#19, [0, 1510199, 7, 65536, 19, 8], muli 5 256 5, [0, 1510199, 7, 65536, 20, 2048]
#20, [0, 1510199, 7, 65536, 20, 2048], gtrr 5 3 5, [0, 1510199, 7, 65536, 21, 0]
#21, [0, 1510199, 7, 65536, 21, 0], addr 5 4 4, [0, 1510199, 7, 65536, 22, 0]
#22, [0, 1510199, 7, 65536, 22, 0], addi 4 1 4, [0, 1510199, 7, 65536, 24, 0]
#24, [0, 1510199, 7, 65536, 24, 0], addi 2 1 2, [0, 1510199, 8, 65536, 25, 0]
#25, [0, 1510199, 8, 65536, 25, 0], seti 17 7 4, [0, 1510199, 8, 65536, 18, 0]
#18, [0, 1510199, 8, 65536, 18, 0], addi 2 1 5, [0, 1510199, 8, 65536, 19, 9]
#19, [0, 1510199, 8, 65536, 19, 9], muli 5 256 5, [0, 1510199, 8, 65536, 20, 2304]
#20, [0, 1510199, 8, 65536, 20, 2304], gtrr 5 3 5, [0, 1510199, 8, 65536, 21, 0]
#21, [0, 1510199, 8, 65536, 21, 0], addr 5 4 4, [0, 1510199, 8, 65536, 22, 0]
#22, [0, 1510199, 8, 65536, 22, 0], addi 4 1 4, [0, 1510199, 8, 65536, 24, 0]
#24, [0, 1510199, 8, 65536, 24, 0], addi 2 1 2, [0, 1510199, 9, 65536, 25, 0]
#25, [0, 1510199, 9, 65536, 25, 0], seti 17 7 4, [0, 1510199, 9, 65536, 18, 0]
#18, [0, 1510199, 9, 65536, 18, 0], addi 2 1 5, [0, 1510199, 9, 65536, 19, 10]
#19, [0, 1510199, 9, 65536, 19, 10], muli 5 256 5, [0, 1510199, 9, 65536, 20, 2560]
#20, [0, 1510199, 9, 65536, 20, 2560], gtrr 5 3 5, [0, 1510199, 9, 65536, 21, 0]
#21, [0, 1510199, 9, 65536, 21, 0], addr 5 4 4, [0, 1510199, 9, 65536, 22, 0]
#22, [0, 1510199, 9, 65536, 22, 0], addi 4 1 4, [0, 1510199, 9, 65536, 24, 0]
#24, [0, 1510199, 9, 65536, 24, 0], addi 2 1 2, [0, 1510199, 10, 65536, 25, 0]
#25, [0, 1510199, 10, 65536, 25, 0], seti 17 7 4, [0, 1510199, 10, 65536, 18, 0]
#18, [0, 1510199, 10, 65536, 18, 0], addi 2 1 5, [0, 1510199, 10, 65536, 19, 11]
#19, [0, 1510199, 10, 65536, 19, 11], muli 5 256 5, [0, 1510199, 10, 65536, 20, 2816]
#20, [0, 1510199, 10, 65536, 20, 2816], gtrr 5 3 5, [0, 1510199, 10, 65536, 21, 0]
#21, [0, 1510199, 10, 65536, 21, 0], addr 5 4 4, [0, 1510199, 10, 65536, 22, 0]
#22, [0, 1510199, 10, 65536, 22, 0], addi 4 1 4, [0, 1510199, 10, 65536, 24, 0]
#24, [0, 1510199, 10, 65536, 24, 0], addi 2 1 2, [0, 1510199, 11, 65536, 25, 0]
#25, [0, 1510199, 11, 65536, 25, 0], seti 17 7 4, [0, 1510199, 11, 65536, 18, 0]
#18, [0, 1510199, 11, 65536, 18, 0], addi 2 1 5, [0, 1510199, 11, 65536, 19, 12]
#19, [0, 1510199, 11, 65536, 19, 12], muli 5 256 5, [0, 1510199, 11, 65536, 20, 3072]
#20, [0, 1510199, 11, 65536, 20, 3072], gtrr 5 3 5, [0, 1510199, 11, 65536, 21, 0]
#21, [0, 1510199, 11, 65536, 21, 0], addr 5 4 4, [0, 1510199, 11, 65536, 22, 0]
#22, [0, 1510199, 11, 65536, 22, 0], addi 4 1 4, [0, 1510199, 11, 65536, 24, 0]
#24, [0, 1510199, 11, 65536, 24, 0], addi 2 1 2, [0, 1510199, 12, 65536, 25, 0]
#25, [0, 1510199, 12, 65536, 25, 0], seti 17 7 4, [0, 1510199, 12, 65536, 18, 0]
#18, [0, 1510199, 12, 65536, 18, 0], addi 2 1 5, [0, 1510199, 12, 65536, 19, 13]
#19, [0, 1510199, 12, 65536, 19, 13], muli 5 256 5, [0, 1510199, 12, 65536, 20, 3328]
#20, [0, 1510199, 12, 65536, 20, 3328], gtrr 5 3 5, [0, 1510199, 12, 65536, 21, 0]
#21, [0, 1510199, 12, 65536, 21, 0], addr 5 4 4, [0, 1510199, 12, 65536, 22, 0]
#22, [0, 1510199, 12, 65536, 22, 0], addi 4 1 4, [0, 1510199, 12, 65536, 24, 0]
#24, [0, 1510199, 12, 65536, 24, 0], addi 2 1 2, [0, 1510199, 13, 65536, 25, 0]
#25, [0, 1510199, 13, 65536, 25, 0], seti 17 7 4, [0, 1510199, 13, 65536, 18, 0]
#18, [0, 1510199, 13, 65536, 18, 0], addi 2 1 5, [0, 1510199, 13, 65536, 19, 14]
#19, [0, 1510199, 13, 65536, 19, 14], muli 5 256 5, [0, 1510199, 13, 65536, 20, 3584]
#20, [0, 1510199, 13, 65536, 20, 3584], gtrr 5 3 5, [0, 1510199, 13, 65536, 21, 0]
#21, [0, 1510199, 13, 65536, 21, 0], addr 5 4 4, [0, 1510199, 13, 65536, 22, 0]
#22, [0, 1510199, 13, 65536, 22, 0], addi 4 1 4, [0, 1510199, 13, 65536, 24, 0]
#24, [0, 1510199, 13, 65536, 24, 0], addi 2 1 2, [0, 1510199, 14, 65536, 25, 0]
#25, [0, 1510199, 14, 65536, 25, 0], seti 17 7 4, [0, 1510199, 14, 65536, 18, 0]
#18, [0, 1510199, 14, 65536, 18, 0], addi 2 1 5, [0, 1510199, 14, 65536, 19, 15]
#19, [0, 1510199, 14, 65536, 19, 15], muli 5 256 5, [0, 1510199, 14, 65536, 20, 3840]
#20, [0, 1510199, 14, 65536, 20, 3840], gtrr 5 3 5, [0, 1510199, 14, 65536, 21, 0]
#21, [0, 1510199, 14, 65536, 21, 0], addr 5 4 4, [0, 1510199, 14, 65536, 22, 0]
#22, [0, 1510199, 14, 65536, 22, 0], addi 4 1 4, [0, 1510199, 14, 65536, 24, 0]
#24, [0, 1510199, 14, 65536, 24, 0], addi 2 1 2, [0, 1510199, 15, 65536, 25, 0]
#25, [0, 1510199, 15, 65536, 25, 0], seti 17 7 4, [0, 1510199, 15, 65536, 18, 0]
#18, [0, 1510199, 15, 65536, 18, 0], addi 2 1 5, [0, 1510199, 15, 65536, 19, 16]
#19, [0, 1510199, 15, 65536, 19, 16], muli 5 256 5, [0, 1510199, 15, 65536, 20, 4096]
#20, [0, 1510199, 15, 65536, 20, 4096], gtrr 5 3 5, [0, 1510199, 15, 65536, 21, 0]
#21, [0, 1510199, 15, 65536, 21, 0], addr 5 4 4, [0, 1510199, 15, 65536, 22, 0]
#22, [0, 1510199, 15, 65536, 22, 0], addi 4 1 4, [0, 1510199, 15, 65536, 24, 0]
#24, [0, 1510199, 15, 65536, 24, 0], addi 2 1 2, [0, 1510199, 16, 65536, 25, 0]
#25, [0, 1510199, 16, 65536, 25, 0], seti 17 7 4, [0, 1510199, 16, 65536, 18, 0]
#18, [0, 1510199, 16, 65536, 18, 0], addi 2 1 5, [0, 1510199, 16, 65536, 19, 17]
#19, [0, 1510199, 16, 65536, 19, 17], muli 5 256 5, [0, 1510199, 16, 65536, 20, 4352]
#20, [0, 1510199, 16, 65536, 20, 4352], gtrr 5 3 5, [0, 1510199, 16, 65536, 21, 0]
#21, [0, 1510199, 16, 65536, 21, 0], addr 5 4 4, [0, 1510199, 16, 65536, 22, 0]
#22, [0, 1510199, 16, 65536, 22, 0], addi 4 1 4, [0, 1510199, 16, 65536, 24, 0]
#24, [0, 1510199, 16, 65536, 24, 0], addi 2 1 2, [0, 1510199, 17, 65536, 25, 0]
#25, [0, 1510199, 17, 65536, 25, 0], seti 17 7 4, [0, 1510199, 17, 65536, 18, 0]
#18, [0, 1510199, 17, 65536, 18, 0], addi 2 1 5, [0, 1510199, 17, 65536, 19, 18]
#19, [0, 1510199, 17, 65536, 19, 18], muli 5 256 5, [0, 1510199, 17, 65536, 20, 4608]
#20, [0, 1510199, 17, 65536, 20, 4608], gtrr 5 3 5, [0, 1510199, 17, 65536, 21, 0]
#21, [0, 1510199, 17, 65536, 21, 0], addr 5 4 4, [0, 1510199, 17, 65536, 22, 0]
#22, [0, 1510199, 17, 65536, 22, 0], addi 4 1 4, [0, 1510199, 17, 65536, 24, 0]
#24, [0, 1510199, 17, 65536, 24, 0], addi 2 1 2, [0, 1510199, 18, 65536, 25, 0]
#25, [0, 1510199, 18, 65536, 25, 0], seti 17 7 4, [0, 1510199, 18, 65536, 18, 0]
#18, [0, 1510199, 18, 65536, 18, 0], addi 2 1 5, [0, 1510199, 18, 65536, 19, 19]
#19, [0, 1510199, 18, 65536, 19, 19], muli 5 256 5, [0, 1510199, 18, 65536, 20, 4864]
#20, [0, 1510199, 18, 65536, 20, 4864], gtrr 5 3 5, [0, 1510199, 18, 65536, 21, 0]
#21, [0, 1510199, 18, 65536, 21, 0], addr 5 4 4, [0, 1510199, 18, 65536, 22, 0]
#22, [0, 1510199, 18, 65536, 22, 0], addi 4 1 4, [0, 1510199, 18, 65536, 24, 0]
#24, [0, 1510199, 18, 65536, 24, 0], addi 2 1 2, [0, 1510199, 19, 65536, 25, 0]
#25, [0, 1510199, 19, 65536, 25, 0], seti 17 7 4, [0, 1510199, 19, 65536, 18, 0]
#18, [0, 1510199, 19, 65536, 18, 0], addi 2 1 5, [0, 1510199, 19, 65536, 19, 20]
#19, [0, 1510199, 19, 65536, 19, 20], muli 5 256 5, [0, 1510199, 19, 65536, 20, 5120]
#20, [0, 1510199, 19, 65536, 20, 5120], gtrr 5 3 5, [0, 1510199, 19, 65536, 21, 0]
#21, [0, 1510199, 19, 65536, 21, 0], addr 5 4 4, [0, 1510199, 19, 65536, 22, 0]
#22, [0, 1510199, 19, 65536, 22, 0], addi 4 1 4, [0, 1510199, 19, 65536, 24, 0]
#24, [0, 1510199, 19, 65536, 24, 0], addi 2 1 2, [0, 1510199, 20, 65536, 25, 0]
#25, [0, 1510199, 20, 65536, 25, 0], seti 17 7 4, [0, 1510199, 20, 65536, 18, 0]
#18, [0, 1510199, 20, 65536, 18, 0], addi 2 1 5, [0, 1510199, 20, 65536, 19, 21]
#19, [0, 1510199, 20, 65536, 19, 21], muli 5 256 5, [0, 1510199, 20, 65536, 20, 5376]
#20, [0, 1510199, 20, 65536, 20, 5376], gtrr 5 3 5, [0, 1510199, 20, 65536, 21, 0]
#21, [0, 1510199, 20, 65536, 21, 0], addr 5 4 4, [0, 1510199, 20, 65536, 22, 0]
#22, [0, 1510199, 20, 65536, 22, 0], addi 4 1 4, [0, 1510199, 20, 65536, 24, 0]
#24, [0, 1510199, 20, 65536, 24, 0], addi 2 1 2, [0, 1510199, 21, 65536, 25, 0]
#25, [0, 1510199, 21, 65536, 25, 0], seti 17 7 4, [0, 1510199, 21, 65536, 18, 0]
#18, [0, 1510199, 21, 65536, 18, 0], addi 2 1 5, [0, 1510199, 21, 65536, 19, 22]
#19, [0, 1510199, 21, 65536, 19, 22], muli 5 256 5, [0, 1510199, 21, 65536, 20, 5632]
#20, [0, 1510199, 21, 65536, 20, 5632], gtrr 5 3 5, [0, 1510199, 21, 65536, 21, 0]
#21, [0, 1510199, 21, 65536, 21, 0], addr 5 4 4, [0, 1510199, 21, 65536, 22, 0]
#22, [0, 1510199, 21, 65536, 22, 0], addi 4 1 4, [0, 1510199, 21, 65536, 24, 0]
#24, [0, 1510199, 21, 65536, 24, 0], addi 2 1 2, [0, 1510199, 22, 65536, 25, 0]
#25, [0, 1510199, 22, 65536, 25, 0], seti 17 7 4, [0, 1510199, 22, 65536, 18, 0]
#18, [0, 1510199, 22, 65536, 18, 0], addi 2 1 5, [0, 1510199, 22, 65536, 19, 23]
#19, [0, 1510199, 22, 65536, 19, 23], muli 5 256 5, [0, 1510199, 22, 65536, 20, 5888]
#20, [0, 1510199, 22, 65536, 20, 5888], gtrr 5 3 5, [0, 1510199, 22, 65536, 21, 0]
#21, [0, 1510199, 22, 65536, 21, 0], addr 5 4 4, [0, 1510199, 22, 65536, 22, 0]
#22, [0, 1510199, 22, 65536, 22, 0], addi 4 1 4, [0, 1510199, 22, 65536, 24, 0]
#24, [0, 1510199, 22, 65536, 24, 0], addi 2 1 2, [0, 1510199, 23, 65536, 25, 0]
#25, [0, 1510199, 23, 65536, 25, 0], seti 17 7 4, [0, 1510199, 23, 65536, 18, 0]
#18, [0, 1510199, 23, 65536, 18, 0], addi 2 1 5, [0, 1510199, 23, 65536, 19, 24]
#19, [0, 1510199, 23, 65536, 19, 24], muli 5 256 5, [0, 1510199, 23, 65536, 20, 6144]
#20, [0, 1510199, 23, 65536, 20, 6144], gtrr 5 3 5, [0, 1510199, 23, 65536, 21, 0]
#21, [0, 1510199, 23, 65536, 21, 0], addr 5 4 4, [0, 1510199, 23, 65536, 22, 0]
#22, [0, 1510199, 23, 65536, 22, 0], addi 4 1 4, [0, 1510199, 23, 65536, 24, 0]
#24, [0, 1510199, 23, 65536, 24, 0], addi 2 1 2, [0, 1510199, 24, 65536, 25, 0]
#25, [0, 1510199, 24, 65536, 25, 0], seti 17 7 4, [0, 1510199, 24, 65536, 18, 0]
#18, [0, 1510199, 24, 65536, 18, 0], addi 2 1 5, [0, 1510199, 24, 65536, 19, 25]
#19, [0, 1510199, 24, 65536, 19, 25], muli 5 256 5, [0, 1510199, 24, 65536, 20, 6400]
#20, [0, 1510199, 24, 65536, 20, 6400], gtrr 5 3 5, [0, 1510199, 24, 65536, 21, 0]
#21, [0, 1510199, 24, 65536, 21, 0], addr 5 4 4, [0, 1510199, 24, 65536, 22, 0]
#22, [0, 1510199, 24, 65536, 22, 0], addi 4 1 4, [0, 1510199, 24, 65536, 24, 0]
#24, [0, 1510199, 24, 65536, 24, 0], addi 2 1 2, [0, 1510199, 25, 65536, 25, 0]
#25, [0, 1510199, 25, 65536, 25, 0], seti 17 7 4, [0, 1510199, 25, 65536, 18, 0]
#18, [0, 1510199, 25, 65536, 18, 0], addi 2 1 5, [0, 1510199, 25, 65536, 19, 26]
#19, [0, 1510199, 25, 65536, 19, 26], muli 5 256 5, [0, 1510199, 25, 65536, 20, 6656]
#20, [0, 1510199, 25, 65536, 20, 6656], gtrr 5 3 5, [0, 1510199, 25, 65536, 21, 0]
#21, [0, 1510199, 25, 65536, 21, 0], addr 5 4 4, [0, 1510199, 25, 65536, 22, 0]
#22, [0, 1510199, 25, 65536, 22, 0], addi 4 1 4, [0, 1510199, 25, 65536, 24, 0]
#24, [0, 1510199, 25, 65536, 24, 0], addi 2 1 2, [0, 1510199, 26, 65536, 25, 0]
#25, [0, 1510199, 26, 65536, 25, 0], seti 17 7 4, [0, 1510199, 26, 65536, 18, 0]
#18, [0, 1510199, 26, 65536, 18, 0], addi 2 1 5, [0, 1510199, 26, 65536, 19, 27]
#19, [0, 1510199, 26, 65536, 19, 27], muli 5 256 5, [0, 1510199, 26, 65536, 20, 6912]
#20, [0, 1510199, 26, 65536, 20, 6912], gtrr 5 3 5, [0, 1510199, 26, 65536, 21, 0]
#21, [0, 1510199, 26, 65536, 21, 0], addr 5 4 4, [0, 1510199, 26, 65536, 22, 0]
#22, [0, 1510199, 26, 65536, 22, 0], addi 4 1 4, [0, 1510199, 26, 65536, 24, 0]
#24, [0, 1510199, 26, 65536, 24, 0], addi 2 1 2, [0, 1510199, 27, 65536, 25, 0]
#25, [0, 1510199, 27, 65536, 25, 0], seti 17 7 4, [0, 1510199, 27, 65536, 18, 0]
#18, [0, 1510199, 27, 65536, 18, 0], addi 2 1 5, [0, 1510199, 27, 65536, 19, 28]
#19, [0, 1510199, 27, 65536, 19, 28], muli 5 256 5, [0, 1510199, 27, 65536, 20, 7168]
#20, [0, 1510199, 27, 65536, 20, 7168], gtrr 5 3 5, [0, 1510199, 27, 65536, 21, 0]
#21, [0, 1510199, 27, 65536, 21, 0], addr 5 4 4, [0, 1510199, 27, 65536, 22, 0]
#22, [0, 1510199, 27, 65536, 22, 0], addi 4 1 4, [0, 1510199, 27, 65536, 24, 0]
#24, [0, 1510199, 27, 65536, 24, 0], addi 2 1 2, [0, 1510199, 28, 65536, 25, 0]
#25, [0, 1510199, 28, 65536, 25, 0], seti 17 7 4, [0, 1510199, 28, 65536, 18, 0]
#18, [0, 1510199, 28, 65536, 18, 0], addi 2 1 5, [0, 1510199, 28, 65536, 19, 29]
#19, [0, 1510199, 28, 65536, 19, 29], muli 5 256 5, [0, 1510199, 28, 65536, 20, 7424]
#20, [0, 1510199, 28, 65536, 20, 7424], gtrr 5 3 5, [0, 1510199, 28, 65536, 21, 0]
#21, [0, 1510199, 28, 65536, 21, 0], addr 5 4 4, [0, 1510199, 28, 65536, 22, 0]
#22, [0, 1510199, 28, 65536, 22, 0], addi 4 1 4, [0, 1510199, 28, 65536, 24, 0]
#24, [0, 1510199, 28, 65536, 24, 0], addi 2 1 2, [0, 1510199, 29, 65536, 25, 0]
#25, [0, 1510199, 29, 65536, 25, 0], seti 17 7 4, [0, 1510199, 29, 65536, 18, 0]
#18, [0, 1510199, 29, 65536, 18, 0], addi 2 1 5, [0, 1510199, 29, 65536, 19, 30]
#19, [0, 1510199, 29, 65536, 19, 30], muli 5 256 5, [0, 1510199, 29, 65536, 20, 7680]
#20, [0, 1510199, 29, 65536, 20, 7680], gtrr 5 3 5, [0, 1510199, 29, 65536, 21, 0]
#21, [0, 1510199, 29, 65536, 21, 0], addr 5 4 4, [0, 1510199, 29, 65536, 22, 0]
#22, [0, 1510199, 29, 65536, 22, 0], addi 4 1 4, [0, 1510199, 29, 65536, 24, 0]
#24, [0, 1510199, 29, 65536, 24, 0], addi 2 1 2, [0, 1510199, 30, 65536, 25, 0]
#25, [0, 1510199, 30, 65536, 25, 0], seti 17 7 4, [0, 1510199, 30, 65536, 18, 0]
#18, [0, 1510199, 30, 65536, 18, 0], addi 2 1 5, [0, 1510199, 30, 65536, 19, 31]
#19, [0, 1510199, 30, 65536, 19, 31], muli 5 256 5, [0, 1510199, 30, 65536, 20, 7936]
#20, [0, 1510199, 30, 65536, 20, 7936], gtrr 5 3 5, [0, 1510199, 30, 65536, 21, 0]
#21, [0, 1510199, 30, 65536, 21, 0], addr 5 4 4, [0, 1510199, 30, 65536, 22, 0]
#22, [0, 1510199, 30, 65536, 22, 0], addi 4 1 4, [0, 1510199, 30, 65536, 24, 0]
#24, [0, 1510199, 30, 65536, 24, 0], addi 2 1 2, [0, 1510199, 31, 65536, 25, 0]
#25, [0, 1510199, 31, 65536, 25, 0], seti 17 7 4, [0, 1510199, 31, 65536, 18, 0]
#18, [0, 1510199, 31, 65536, 18, 0], addi 2 1 5, [0, 1510199, 31, 65536, 19, 32]
#19, [0, 1510199, 31, 65536, 19, 32], muli 5 256 5, [0, 1510199, 31, 65536, 20, 8192]
#20, [0, 1510199, 31, 65536, 20, 8192], gtrr 5 3 5, [0, 1510199, 31, 65536, 21, 0]
#21, [0, 1510199, 31, 65536, 21, 0], addr 5 4 4, [0, 1510199, 31, 65536, 22, 0]
#22, [0, 1510199, 31, 65536, 22, 0], addi 4 1 4, [0, 1510199, 31, 65536, 24, 0]
#24, [0, 1510199, 31, 65536, 24, 0], addi 2 1 2, [0, 1510199, 32, 65536, 25, 0]
#25, [0, 1510199, 32, 65536, 25, 0], seti 17 7 4, [0, 1510199, 32, 65536, 18, 0]
#18, [0, 1510199, 32, 65536, 18, 0], addi 2 1 5, [0, 1510199, 32, 65536, 19, 33]
#19, [0, 1510199, 32, 65536, 19, 33], muli 5 256 5, [0, 1510199, 32, 65536, 20, 8448]
#20, [0, 1510199, 32, 65536, 20, 8448], gtrr 5 3 5, [0, 1510199, 32, 65536, 21, 0]
#21, [0, 1510199, 32, 65536, 21, 0], addr 5 4 4, [0, 1510199, 32, 65536, 22, 0]
#22, [0, 1510199, 32, 65536, 22, 0], addi 4 1 4, [0, 1510199, 32, 65536, 24, 0]
#24, [0, 1510199, 32, 65536, 24, 0], addi 2 1 2, [0, 1510199, 33, 65536, 25, 0]
#25, [0, 1510199, 33, 65536, 25, 0], seti 17 7 4, [0, 1510199, 33, 65536, 18, 0]
#18, [0, 1510199, 33, 65536, 18, 0], addi 2 1 5, [0, 1510199, 33, 65536, 19, 34]
#19, [0, 1510199, 33, 65536, 19, 34], muli 5 256 5, [0, 1510199, 33, 65536, 20, 8704]
#20, [0, 1510199, 33, 65536, 20, 8704], gtrr 5 3 5, [0, 1510199, 33, 65536, 21, 0]
#21, [0, 1510199, 33, 65536, 21, 0], addr 5 4 4, [0, 1510199, 33, 65536, 22, 0]
#22, [0, 1510199, 33, 65536, 22, 0], addi 4 1 4, [0, 1510199, 33, 65536, 24, 0]
#24, [0, 1510199, 33, 65536, 24, 0], addi 2 1 2, [0, 1510199, 34, 65536, 25, 0]
#25, [0, 1510199, 34, 65536, 25, 0], seti 17 7 4, [0, 1510199, 34, 65536, 18, 0]
#18, [0, 1510199, 34, 65536, 18, 0], addi 2 1 5, [0, 1510199, 34, 65536, 19, 35]
#19, [0, 1510199, 34, 65536, 19, 35], muli 5 256 5, [0, 1510199, 34, 65536, 20, 8960]
#20, [0, 1510199, 34, 65536, 20, 8960], gtrr 5 3 5, [0, 1510199, 34, 65536, 21, 0]
#21, [0, 1510199, 34, 65536, 21, 0], addr 5 4 4, [0, 1510199, 34, 65536, 22, 0]
#22, [0, 1510199, 34, 65536, 22, 0], addi 4 1 4, [0, 1510199, 34, 65536, 24, 0]
#24, [0, 1510199, 34, 65536, 24, 0], addi 2 1 2, [0, 1510199, 35, 65536, 25, 0]
#25, [0, 1510199, 35, 65536, 25, 0], seti 17 7 4, [0, 1510199, 35, 65536, 18, 0]
#18, [0, 1510199, 35, 65536, 18, 0], addi 2 1 5, [0, 1510199, 35, 65536, 19, 36]
#19, [0, 1510199, 35, 65536, 19, 36], muli 5 256 5, [0, 1510199, 35, 65536, 20, 9216]
#20, [0, 1510199, 35, 65536, 20, 9216], gtrr 5 3 5, [0, 1510199, 35, 65536, 21, 0]
#21, [0, 1510199, 35, 65536, 21, 0], addr 5 4 4, [0, 1510199, 35, 65536, 22, 0]
#22, [0, 1510199, 35, 65536, 22, 0], addi 4 1 4, [0, 1510199, 35, 65536, 24, 0]
#24, [0, 1510199, 35, 65536, 24, 0], addi 2 1 2, [0, 1510199, 36, 65536, 25, 0]
#25, [0, 1510199, 36, 65536, 25, 0], seti 17 7 4, [0, 1510199, 36, 65536, 18, 0]
#18, [0, 1510199, 36, 65536, 18, 0], addi 2 1 5, [0, 1510199, 36, 65536, 19, 37]
#19, [0, 1510199, 36, 65536, 19, 37], muli 5 256 5, [0, 1510199, 36, 65536, 20, 9472]
#20, [0, 1510199, 36, 65536, 20, 9472], gtrr 5 3 5, [0, 1510199, 36, 65536, 21, 0]
#21, [0, 1510199, 36, 65536, 21, 0], addr 5 4 4, [0, 1510199, 36, 65536, 22, 0]
#22, [0, 1510199, 36, 65536, 22, 0], addi 4 1 4, [0, 1510199, 36, 65536, 24, 0]
#24, [0, 1510199, 36, 65536, 24, 0], addi 2 1 2, [0, 1510199, 37, 65536, 25, 0]
#25, [0, 1510199, 37, 65536, 25, 0], seti 17 7 4, [0, 1510199, 37, 65536, 18, 0]
#18, [0, 1510199, 37, 65536, 18, 0], addi 2 1 5, [0, 1510199, 37, 65536, 19, 38]
#19, [0, 1510199, 37, 65536, 19, 38], muli 5 256 5, [0, 1510199, 37, 65536, 20, 9728]
#20, [0, 1510199, 37, 65536, 20, 9728], gtrr 5 3 5, [0, 1510199, 37, 65536, 21, 0]
#21, [0, 1510199, 37, 65536, 21, 0], addr 5 4 4, [0, 1510199, 37, 65536, 22, 0]
#22, [0, 1510199, 37, 65536, 22, 0], addi 4 1 4, [0, 1510199, 37, 65536, 24, 0]
#24, [0, 1510199, 37, 65536, 24, 0], addi 2 1 2, [0, 1510199, 38, 65536, 25, 0]
#25, [0, 1510199, 38, 65536, 25, 0], seti 17 7 4, [0, 1510199, 38, 65536, 18, 0]
#18, [0, 1510199, 38, 65536, 18, 0], addi 2 1 5, [0, 1510199, 38, 65536, 19, 39]
#19, [0, 1510199, 38, 65536, 19, 39], muli 5 256 5, [0, 1510199, 38, 65536, 20, 9984]
#20, [0, 1510199, 38, 65536, 20, 9984], gtrr 5 3 5, [0, 1510199, 38, 65536, 21, 0]
#21, [0, 1510199, 38, 65536, 21, 0], addr 5 4 4, [0, 1510199, 38, 65536, 22, 0]
#22, [0, 1510199, 38, 65536, 22, 0], addi 4 1 4, [0, 1510199, 38, 65536, 24, 0]
#24, [0, 1510199, 38, 65536, 24, 0], addi 2 1 2, [0, 1510199, 39, 65536, 25, 0]
#25, [0, 1510199, 39, 65536, 25, 0], seti 17 7 4, [0, 1510199, 39, 65536, 18, 0]
#18, [0, 1510199, 39, 65536, 18, 0], addi 2 1 5, [0, 1510199, 39, 65536, 19, 40]
#19, [0, 1510199, 39, 65536, 19, 40], muli 5 256 5, [0, 1510199, 39, 65536, 20, 10240]
#20, [0, 1510199, 39, 65536, 20, 10240], gtrr 5 3 5, [0, 1510199, 39, 65536, 21, 0]
#21, [0, 1510199, 39, 65536, 21, 0], addr 5 4 4, [0, 1510199, 39, 65536, 22, 0]
#22, [0, 1510199, 39, 65536, 22, 0], addi 4 1 4, [0, 1510199, 39, 65536, 24, 0]
#24, [0, 1510199, 39, 65536, 24, 0], addi 2 1 2, [0, 1510199, 40, 65536, 25, 0]
#25, [0, 1510199, 40, 65536, 25, 0], seti 17 7 4, [0, 1510199, 40, 65536, 18, 0]
#18, [0, 1510199, 40, 65536, 18, 0], addi 2 1 5, [0, 1510199, 40, 65536, 19, 41]
#19, [0, 1510199, 40, 65536, 19, 41], muli 5 256 5, [0, 1510199, 40, 65536, 20, 10496]
#20, [0, 1510199, 40, 65536, 20, 10496], gtrr 5 3 5, [0, 1510199, 40, 65536, 21, 0]
#21, [0, 1510199, 40, 65536, 21, 0], addr 5 4 4, [0, 1510199, 40, 65536, 22, 0]
#22, [0, 1510199, 40, 65536, 22, 0], addi 4 1 4, [0, 1510199, 40, 65536, 24, 0]
#24, [0, 1510199, 40, 65536, 24, 0], addi 2 1 2, [0, 1510199, 41, 65536, 25, 0]
#25, [0, 1510199, 41, 65536, 25, 0], seti 17 7 4, [0, 1510199, 41, 65536, 18, 0]
#18, [0, 1510199, 41, 65536, 18, 0], addi 2 1 5, [0, 1510199, 41, 65536, 19, 42]
#19, [0, 1510199, 41, 65536, 19, 42], muli 5 256 5, [0, 1510199, 41, 65536, 20, 10752]
#20, [0, 1510199, 41, 65536, 20, 10752], gtrr 5 3 5, [0, 1510199, 41, 65536, 21, 0]
#21, [0, 1510199, 41, 65536, 21, 0], addr 5 4 4, [0, 1510199, 41, 65536, 22, 0]
#22, [0, 1510199, 41, 65536, 22, 0], addi 4 1 4, [0, 1510199, 41, 65536, 24, 0]
#24, [0, 1510199, 41, 65536, 24, 0], addi 2 1 2, [0, 1510199, 42, 65536, 25, 0]
#25, [0, 1510199, 42, 65536, 25, 0], seti 17 7 4, [0, 1510199, 42, 65536, 18, 0]
#18, [0, 1510199, 42, 65536, 18, 0], addi 2 1 5, [0, 1510199, 42, 65536, 19, 43]
#19, [0, 1510199, 42, 65536, 19, 43], muli 5 256 5, [0, 1510199, 42, 65536, 20, 11008]
#20, [0, 1510199, 42, 65536, 20, 11008], gtrr 5 3 5, [0, 1510199, 42, 65536, 21, 0]
#21, [0, 1510199, 42, 65536, 21, 0], addr 5 4 4, [0, 1510199, 42, 65536, 22, 0]
#22, [0, 1510199, 42, 65536, 22, 0], addi 4 1 4, [0, 1510199, 42, 65536, 24, 0]
#24, [0, 1510199, 42, 65536, 24, 0], addi 2 1 2, [0, 1510199, 43, 65536, 25, 0]
#25, [0, 1510199, 43, 65536, 25, 0], seti 17 7 4, [0, 1510199, 43, 65536, 18, 0]
#18, [0, 1510199, 43, 65536, 18, 0], addi 2 1 5, [0, 1510199, 43, 65536, 19, 44]
#19, [0, 1510199, 43, 65536, 19, 44], muli 5 256 5, [0, 1510199, 43, 65536, 20, 11264]
#20, [0, 1510199, 43, 65536, 20, 11264], gtrr 5 3 5, [0, 1510199, 43, 65536, 21, 0]
#21, [0, 1510199, 43, 65536, 21, 0], addr 5 4 4, [0, 1510199, 43, 65536, 22, 0]
#22, [0, 1510199, 43, 65536, 22, 0], addi 4 1 4, [0, 1510199, 43, 65536, 24, 0]
#24, [0, 1510199, 43, 65536, 24, 0], addi 2 1 2, [0, 1510199, 44, 65536, 25, 0]
#25, [0, 1510199, 44, 65536, 25, 0], seti 17 7 4, [0, 1510199, 44, 65536, 18, 0]
#18, [0, 1510199, 44, 65536, 18, 0], addi 2 1 5, [0, 1510199, 44, 65536, 19, 45]
#19, [0, 1510199, 44, 65536, 19, 45], muli 5 256 5, [0, 1510199, 44, 65536, 20, 11520]
#20, [0, 1510199, 44, 65536, 20, 11520], gtrr 5 3 5, [0, 1510199, 44, 65536, 21, 0]
#21, [0, 1510199, 44, 65536, 21, 0], addr 5 4 4, [0, 1510199, 44, 65536, 22, 0]
#22, [0, 1510199, 44, 65536, 22, 0], addi 4 1 4, [0, 1510199, 44, 65536, 24, 0]
#24, [0, 1510199, 44, 65536, 24, 0], addi 2 1 2, [0, 1510199, 45, 65536, 25, 0]
#25, [0, 1510199, 45, 65536, 25, 0], seti 17 7 4, [0, 1510199, 45, 65536, 18, 0]
#18, [0, 1510199, 45, 65536, 18, 0], addi 2 1 5, [0, 1510199, 45, 65536, 19, 46]
#19, [0, 1510199, 45, 65536, 19, 46], muli 5 256 5, [0, 1510199, 45, 65536, 20, 11776]
#20, [0, 1510199, 45, 65536, 20, 11776], gtrr 5 3 5, [0, 1510199, 45, 65536, 21, 0]
#21, [0, 1510199, 45, 65536, 21, 0], addr 5 4 4, [0, 1510199, 45, 65536, 22, 0]
#22, [0, 1510199, 45, 65536, 22, 0], addi 4 1 4, [0, 1510199, 45, 65536, 24, 0]
#24, [0, 1510199, 45, 65536, 24, 0], addi 2 1 2, [0, 1510199, 46, 65536, 25, 0]
#25, [0, 1510199, 46, 65536, 25, 0], seti 17 7 4, [0, 1510199, 46, 65536, 18, 0]
#18, [0, 1510199, 46, 65536, 18, 0], addi 2 1 5, [0, 1510199, 46, 65536, 19, 47]
#19, [0, 1510199, 46, 65536, 19, 47], muli 5 256 5, [0, 1510199, 46, 65536, 20, 12032]
#20, [0, 1510199, 46, 65536, 20, 12032], gtrr 5 3 5, [0, 1510199, 46, 65536, 21, 0]
#21, [0, 1510199, 46, 65536, 21, 0], addr 5 4 4, [0, 1510199, 46, 65536, 22, 0]
#22, [0, 1510199, 46, 65536, 22, 0], addi 4 1 4, [0, 1510199, 46, 65536, 24, 0]
#24, [0, 1510199, 46, 65536, 24, 0], addi 2 1 2, [0, 1510199, 47, 65536, 25, 0]
#25, [0, 1510199, 47, 65536, 25, 0], seti 17 7 4, [0, 1510199, 47, 65536, 18, 0]
#18, [0, 1510199, 47, 65536, 18, 0], addi 2 1 5, [0, 1510199, 47, 65536, 19, 48]
#19, [0, 1510199, 47, 65536, 19, 48], muli 5 256 5, [0, 1510199, 47, 65536, 20, 12288]
#20, [0, 1510199, 47, 65536, 20, 12288], gtrr 5 3 5, [0, 1510199, 47, 65536, 21, 0]
#21, [0, 1510199, 47, 65536, 21, 0], addr 5 4 4, [0, 1510199, 47, 65536, 22, 0]
#22, [0, 1510199, 47, 65536, 22, 0], addi 4 1 4, [0, 1510199, 47, 65536, 24, 0]
#24, [0, 1510199, 47, 65536, 24, 0], addi 2 1 2, [0, 1510199, 48, 65536, 25, 0]
#25, [0, 1510199, 48, 65536, 25, 0], seti 17 7 4, [0, 1510199, 48, 65536, 18, 0]
#18, [0, 1510199, 48, 65536, 18, 0], addi 2 1 5, [0, 1510199, 48, 65536, 19, 49]
#19, [0, 1510199, 48, 65536, 19, 49], muli 5 256 5, [0, 1510199, 48, 65536, 20, 12544]
#20, [0, 1510199, 48, 65536, 20, 12544], gtrr 5 3 5, [0, 1510199, 48, 65536, 21, 0]
#21, [0, 1510199, 48, 65536, 21, 0], addr 5 4 4, [0, 1510199, 48, 65536, 22, 0]
#22, [0, 1510199, 48, 65536, 22, 0], addi 4 1 4, [0, 1510199, 48, 65536, 24, 0]
#24, [0, 1510199, 48, 65536, 24, 0], addi 2 1 2, [0, 1510199, 49, 65536, 25, 0]
#25, [0, 1510199, 49, 65536, 25, 0], seti 17 7 4, [0, 1510199, 49, 65536, 18, 0]
#18, [0, 1510199, 49, 65536, 18, 0], addi 2 1 5, [0, 1510199, 49, 65536, 19, 50]
#19, [0, 1510199, 49, 65536, 19, 50], muli 5 256 5, [0, 1510199, 49, 65536, 20, 12800]
#20, [0, 1510199, 49, 65536, 20, 12800], gtrr 5 3 5, [0, 1510199, 49, 65536, 21, 0]
#21, [0, 1510199, 49, 65536, 21, 0], addr 5 4 4, [0, 1510199, 49, 65536, 22, 0]
#22, [0, 1510199, 49, 65536, 22, 0], addi 4 1 4, [0, 1510199, 49, 65536, 24, 0]
#24, [0, 1510199, 49, 65536, 24, 0], addi 2 1 2, [0, 1510199, 50, 65536, 25, 0]
#25, [0, 1510199, 50, 65536, 25, 0], seti 17 7 4, [0, 1510199, 50, 65536, 18, 0]
#18, [0, 1510199, 50, 65536, 18, 0], addi 2 1 5, [0, 1510199, 50, 65536, 19, 51]
#19, [0, 1510199, 50, 65536, 19, 51], muli 5 256 5, [0, 1510199, 50, 65536, 20, 13056]
#20, [0, 1510199, 50, 65536, 20, 13056], gtrr 5 3 5, [0, 1510199, 50, 65536, 21, 0]
#21, [0, 1510199, 50, 65536, 21, 0], addr 5 4 4, [0, 1510199, 50, 65536, 22, 0]
#22, [0, 1510199, 50, 65536, 22, 0], addi 4 1 4, [0, 1510199, 50, 65536, 24, 0]
#24, [0, 1510199, 50, 65536, 24, 0], addi 2 1 2, [0, 1510199, 51, 65536, 25, 0]
#25, [0, 1510199, 51, 65536, 25, 0], seti 17 7 4, [0, 1510199, 51, 65536, 18, 0]
#18, [0, 1510199, 51, 65536, 18, 0], addi 2 1 5, [0, 1510199, 51, 65536, 19, 52]
#19, [0, 1510199, 51, 65536, 19, 52], muli 5 256 5, [0, 1510199, 51, 65536, 20, 13312]
#20, [0, 1510199, 51, 65536, 20, 13312], gtrr 5 3 5, [0, 1510199, 51, 65536, 21, 0]
#21, [0, 1510199, 51, 65536, 21, 0], addr 5 4 4, [0, 1510199, 51, 65536, 22, 0]
#22, [0, 1510199, 51, 65536, 22, 0], addi 4 1 4, [0, 1510199, 51, 65536, 24, 0]
#24, [0, 1510199, 51, 65536, 24, 0], addi 2 1 2, [0, 1510199, 52, 65536, 25, 0]
#25, [0, 1510199, 52, 65536, 25, 0], seti 17 7 4, [0, 1510199, 52, 65536, 18, 0]
#18, [0, 1510199, 52, 65536, 18, 0], addi 2 1 5, [0, 1510199, 52, 65536, 19, 53]
#19, [0, 1510199, 52, 65536, 19, 53], muli 5 256 5, [0, 1510199, 52, 65536, 20, 13568]
#20, [0, 1510199, 52, 65536, 20, 13568], gtrr 5 3 5, [0, 1510199, 52, 65536, 21, 0]
#21, [0, 1510199, 52, 65536, 21, 0], addr 5 4 4, [0, 1510199, 52, 65536, 22, 0]
#22, [0, 1510199, 52, 65536, 22, 0], addi 4 1 4, [0, 1510199, 52, 65536, 24, 0]
#24, [0, 1510199, 52, 65536, 24, 0], addi 2 1 2, [0, 1510199, 53, 65536, 25, 0]
#25, [0, 1510199, 53, 65536, 25, 0], seti 17 7 4, [0, 1510199, 53, 65536, 18, 0]
#18, [0, 1510199, 53, 65536, 18, 0], addi 2 1 5, [0, 1510199, 53, 65536, 19, 54]
#19, [0, 1510199, 53, 65536, 19, 54], muli 5 256 5, [0, 1510199, 53, 65536, 20, 13824]
#20, [0, 1510199, 53, 65536, 20, 13824], gtrr 5 3 5, [0, 1510199, 53, 65536, 21, 0]
#21, [0, 1510199, 53, 65536, 21, 0], addr 5 4 4, [0, 1510199, 53, 65536, 22, 0]
#22, [0, 1510199, 53, 65536, 22, 0], addi 4 1 4, [0, 1510199, 53, 65536, 24, 0]
#24, [0, 1510199, 53, 65536, 24, 0], addi 2 1 2, [0, 1510199, 54, 65536, 25, 0]
#25, [0, 1510199, 54, 65536, 25, 0], seti 17 7 4, [0, 1510199, 54, 65536, 18, 0]
#18, [0, 1510199, 54, 65536, 18, 0], addi 2 1 5, [0, 1510199, 54, 65536, 19, 55]
#19, [0, 1510199, 54, 65536, 19, 55], muli 5 256 5, [0, 1510199, 54, 65536, 20, 14080]
#20, [0, 1510199, 54, 65536, 20, 14080], gtrr 5 3 5, [0, 1510199, 54, 65536, 21, 0]
#21, [0, 1510199, 54, 65536, 21, 0], addr 5 4 4, [0, 1510199, 54, 65536, 22, 0]
#22, [0, 1510199, 54, 65536, 22, 0], addi 4 1 4, [0, 1510199, 54, 65536, 24, 0]
#24, [0, 1510199, 54, 65536, 24, 0], addi 2 1 2, [0, 1510199, 55, 65536, 25, 0]
#25, [0, 1510199, 55, 65536, 25, 0], seti 17 7 4, [0, 1510199, 55, 65536, 18, 0]
#18, [0, 1510199, 55, 65536, 18, 0], addi 2 1 5, [0, 1510199, 55, 65536, 19, 56]
#19, [0, 1510199, 55, 65536, 19, 56], muli 5 256 5, [0, 1510199, 55, 65536, 20, 14336]
#20, [0, 1510199, 55, 65536, 20, 14336], gtrr 5 3 5, [0, 1510199, 55, 65536, 21, 0]
#21, [0, 1510199, 55, 65536, 21, 0], addr 5 4 4, [0, 1510199, 55, 65536, 22, 0]
#22, [0, 1510199, 55, 65536, 22, 0], addi 4 1 4, [0, 1510199, 55, 65536, 24, 0]
#24, [0, 1510199, 55, 65536, 24, 0], addi 2 1 2, [0, 1510199, 56, 65536, 25, 0]
#25, [0, 1510199, 56, 65536, 25, 0], seti 17 7 4, [0, 1510199, 56, 65536, 18, 0]
#18, [0, 1510199, 56, 65536, 18, 0], addi 2 1 5, [0, 1510199, 56, 65536, 19, 57]
#19, [0, 1510199, 56, 65536, 19, 57], muli 5 256 5, [0, 1510199, 56, 65536, 20, 14592]
#20, [0, 1510199, 56, 65536, 20, 14592], gtrr 5 3 5, [0, 1510199, 56, 65536, 21, 0]
#21, [0, 1510199, 56, 65536, 21, 0], addr 5 4 4, [0, 1510199, 56, 65536, 22, 0]
#22, [0, 1510199, 56, 65536, 22, 0], addi 4 1 4, [0, 1510199, 56, 65536, 24, 0]
#24, [0, 1510199, 56, 65536, 24, 0], addi 2 1 2, [0, 1510199, 57, 65536, 25, 0]
#25, [0, 1510199, 57, 65536, 25, 0], seti 17 7 4, [0, 1510199, 57, 65536, 18, 0]
#18, [0, 1510199, 57, 65536, 18, 0], addi 2 1 5, [0, 1510199, 57, 65536, 19, 58]
#19, [0, 1510199, 57, 65536, 19, 58], muli 5 256 5, [0, 1510199, 57, 65536, 20, 14848]
#20, [0, 1510199, 57, 65536, 20, 14848], gtrr 5 3 5, [0, 1510199, 57, 65536, 21, 0]
#21, [0, 1510199, 57, 65536, 21, 0], addr 5 4 4, [0, 1510199, 57, 65536, 22, 0]
#22, [0, 1510199, 57, 65536, 22, 0], addi 4 1 4, [0, 1510199, 57, 65536, 24, 0]
#24, [0, 1510199, 57, 65536, 24, 0], addi 2 1 2, [0, 1510199, 58, 65536, 25, 0]
#25, [0, 1510199, 58, 65536, 25, 0], seti 17 7 4, [0, 1510199, 58, 65536, 18, 0]
#18, [0, 1510199, 58, 65536, 18, 0], addi 2 1 5, [0, 1510199, 58, 65536, 19, 59]
#19, [0, 1510199, 58, 65536, 19, 59], muli 5 256 5, [0, 1510199, 58, 65536, 20, 15104]
#20, [0, 1510199, 58, 65536, 20, 15104], gtrr 5 3 5, [0, 1510199, 58, 65536, 21, 0]
#21, [0, 1510199, 58, 65536, 21, 0], addr 5 4 4, [0, 1510199, 58, 65536, 22, 0]
#22, [0, 1510199, 58, 65536, 22, 0], addi 4 1 4, [0, 1510199, 58, 65536, 24, 0]
#24, [0, 1510199, 58, 65536, 24, 0], addi 2 1 2, [0, 1510199, 59, 65536, 25, 0]
#25, [0, 1510199, 59, 65536, 25, 0], seti 17 7 4, [0, 1510199, 59, 65536, 18, 0]
#18, [0, 1510199, 59, 65536, 18, 0], addi 2 1 5, [0, 1510199, 59, 65536, 19, 60]
#19, [0, 1510199, 59, 65536, 19, 60], muli 5 256 5, [0, 1510199, 59, 65536, 20, 15360]
#20, [0, 1510199, 59, 65536, 20, 15360], gtrr 5 3 5, [0, 1510199, 59, 65536, 21, 0]
#21, [0, 1510199, 59, 65536, 21, 0], addr 5 4 4, [0, 1510199, 59, 65536, 22, 0]
#22, [0, 1510199, 59, 65536, 22, 0], addi 4 1 4, [0, 1510199, 59, 65536, 24, 0]
#24, [0, 1510199, 59, 65536, 24, 0], addi 2 1 2, [0, 1510199, 60, 65536, 25, 0]
#25, [0, 1510199, 60, 65536, 25, 0], seti 17 7 4, [0, 1510199, 60, 65536, 18, 0]
#18, [0, 1510199, 60, 65536, 18, 0], addi 2 1 5, [0, 1510199, 60, 65536, 19, 61]
#19, [0, 1510199, 60, 65536, 19, 61], muli 5 256 5, [0, 1510199, 60, 65536, 20, 15616]
#20, [0, 1510199, 60, 65536, 20, 15616], gtrr 5 3 5, [0, 1510199, 60, 65536, 21, 0]
#21, [0, 1510199, 60, 65536, 21, 0], addr 5 4 4, [0, 1510199, 60, 65536, 22, 0]
#22, [0, 1510199, 60, 65536, 22, 0], addi 4 1 4, [0, 1510199, 60, 65536, 24, 0]
#24, [0, 1510199, 60, 65536, 24, 0], addi 2 1 2, [0, 1510199, 61, 65536, 25, 0]
#25, [0, 1510199, 61, 65536, 25, 0], seti 17 7 4, [0, 1510199, 61, 65536, 18, 0]
#18, [0, 1510199, 61, 65536, 18, 0], addi 2 1 5, [0, 1510199, 61, 65536, 19, 62]
#19, [0, 1510199, 61, 65536, 19, 62], muli 5 256 5, [0, 1510199, 61, 65536, 20, 15872]
#20, [0, 1510199, 61, 65536, 20, 15872], gtrr 5 3 5, [0, 1510199, 61, 65536, 21, 0]
#21, [0, 1510199, 61, 65536, 21, 0], addr 5 4 4, [0, 1510199, 61, 65536, 22, 0]
#22, [0, 1510199, 61, 65536, 22, 0], addi 4 1 4, [0, 1510199, 61, 65536, 24, 0]
#24, [0, 1510199, 61, 65536, 24, 0], addi 2 1 2, [0, 1510199, 62, 65536, 25, 0]
#25, [0, 1510199, 62, 65536, 25, 0], seti 17 7 4, [0, 1510199, 62, 65536, 18, 0]
#18, [0, 1510199, 62, 65536, 18, 0], addi 2 1 5, [0, 1510199, 62, 65536, 19, 63]
#19, [0, 1510199, 62, 65536, 19, 63], muli 5 256 5, [0, 1510199, 62, 65536, 20, 16128]
#20, [0, 1510199, 62, 65536, 20, 16128], gtrr 5 3 5, [0, 1510199, 62, 65536, 21, 0]
#21, [0, 1510199, 62, 65536, 21, 0], addr 5 4 4, [0, 1510199, 62, 65536, 22, 0]
#22, [0, 1510199, 62, 65536, 22, 0], addi 4 1 4, [0, 1510199, 62, 65536, 24, 0]
#24, [0, 1510199, 62, 65536, 24, 0], addi 2 1 2, [0, 1510199, 63, 65536, 25, 0]
#25, [0, 1510199, 63, 65536, 25, 0], seti 17 7 4, [0, 1510199, 63, 65536, 18, 0]
#18, [0, 1510199, 63, 65536, 18, 0], addi 2 1 5, [0, 1510199, 63, 65536, 19, 64]
#19, [0, 1510199, 63, 65536, 19, 64], muli 5 256 5, [0, 1510199, 63, 65536, 20, 16384]
#20, [0, 1510199, 63, 65536, 20, 16384], gtrr 5 3 5, [0, 1510199, 63, 65536, 21, 0]
#21, [0, 1510199, 63, 65536, 21, 0], addr 5 4 4, [0, 1510199, 63, 65536, 22, 0]
#22, [0, 1510199, 63, 65536, 22, 0], addi 4 1 4, [0, 1510199, 63, 65536, 24, 0]
#24, [0, 1510199, 63, 65536, 24, 0], addi 2 1 2, [0, 1510199, 64, 65536, 25, 0]
#25, [0, 1510199, 64, 65536, 25, 0], seti 17 7 4, [0, 1510199, 64, 65536, 18, 0]
#18, [0, 1510199, 64, 65536, 18, 0], addi 2 1 5, [0, 1510199, 64, 65536, 19, 65]
#19, [0, 1510199, 64, 65536, 19, 65], muli 5 256 5, [0, 1510199, 64, 65536, 20, 16640]
#20, [0, 1510199, 64, 65536, 20, 16640], gtrr 5 3 5, [0, 1510199, 64, 65536, 21, 0]
#21, [0, 1510199, 64, 65536, 21, 0], addr 5 4 4, [0, 1510199, 64, 65536, 22, 0]
#22, [0, 1510199, 64, 65536, 22, 0], addi 4 1 4, [0, 1510199, 64, 65536, 24, 0]
#24, [0, 1510199, 64, 65536, 24, 0], addi 2 1 2, [0, 1510199, 65, 65536, 25, 0]
#25, [0, 1510199, 65, 65536, 25, 0], seti 17 7 4, [0, 1510199, 65, 65536, 18, 0]
#18, [0, 1510199, 65, 65536, 18, 0], addi 2 1 5, [0, 1510199, 65, 65536, 19, 66]
#19, [0, 1510199, 65, 65536, 19, 66], muli 5 256 5, [0, 1510199, 65, 65536, 20, 16896]
#20, [0, 1510199, 65, 65536, 20, 16896], gtrr 5 3 5, [0, 1510199, 65, 65536, 21, 0]
#21, [0, 1510199, 65, 65536, 21, 0], addr 5 4 4, [0, 1510199, 65, 65536, 22, 0]
#22, [0, 1510199, 65, 65536, 22, 0], addi 4 1 4, [0, 1510199, 65, 65536, 24, 0]
#24, [0, 1510199, 65, 65536, 24, 0], addi 2 1 2, [0, 1510199, 66, 65536, 25, 0]
#25, [0, 1510199, 66, 65536, 25, 0], seti 17 7 4, [0, 1510199, 66, 65536, 18, 0]
#18, [0, 1510199, 66, 65536, 18, 0], addi 2 1 5, [0, 1510199, 66, 65536, 19, 67]
#19, [0, 1510199, 66, 65536, 19, 67], muli 5 256 5, [0, 1510199, 66, 65536, 20, 17152]
#20, [0, 1510199, 66, 65536, 20, 17152], gtrr 5 3 5, [0, 1510199, 66, 65536, 21, 0]
#21, [0, 1510199, 66, 65536, 21, 0], addr 5 4 4, [0, 1510199, 66, 65536, 22, 0]
#22, [0, 1510199, 66, 65536, 22, 0], addi 4 1 4, [0, 1510199, 66, 65536, 24, 0]
#24, [0, 1510199, 66, 65536, 24, 0], addi 2 1 2, [0, 1510199, 67, 65536, 25, 0]
#25, [0, 1510199, 67, 65536, 25, 0], seti 17 7 4, [0, 1510199, 67, 65536, 18, 0]
#18, [0, 1510199, 67, 65536, 18, 0], addi 2 1 5, [0, 1510199, 67, 65536, 19, 68]
#19, [0, 1510199, 67, 65536, 19, 68], muli 5 256 5, [0, 1510199, 67, 65536, 20, 17408]
#20, [0, 1510199, 67, 65536, 20, 17408], gtrr 5 3 5, [0, 1510199, 67, 65536, 21, 0]
#21, [0, 1510199, 67, 65536, 21, 0], addr 5 4 4, [0, 1510199, 67, 65536, 22, 0]
#22, [0, 1510199, 67, 65536, 22, 0], addi 4 1 4, [0, 1510199, 67, 65536, 24, 0]
#24, [0, 1510199, 67, 65536, 24, 0], addi 2 1 2, [0, 1510199, 68, 65536, 25, 0]
#25, [0, 1510199, 68, 65536, 25, 0], seti 17 7 4, [0, 1510199, 68, 65536, 18, 0]
#18, [0, 1510199, 68, 65536, 18, 0], addi 2 1 5, [0, 1510199, 68, 65536, 19, 69]
#19, [0, 1510199, 68, 65536, 19, 69], muli 5 256 5, [0, 1510199, 68, 65536, 20, 17664]
#20, [0, 1510199, 68, 65536, 20, 17664], gtrr 5 3 5, [0, 1510199, 68, 65536, 21, 0]
#21, [0, 1510199, 68, 65536, 21, 0], addr 5 4 4, [0, 1510199, 68, 65536, 22, 0]
#22, [0, 1510199, 68, 65536, 22, 0], addi 4 1 4, [0, 1510199, 68, 65536, 24, 0]
#24, [0, 1510199, 68, 65536, 24, 0], addi 2 1 2, [0, 1510199, 69, 65536, 25, 0]
#25, [0, 1510199, 69, 65536, 25, 0], seti 17 7 4, [0, 1510199, 69, 65536, 18, 0]
#18, [0, 1510199, 69, 65536, 18, 0], addi 2 1 5, [0, 1510199, 69, 65536, 19, 70]
#19, [0, 1510199, 69, 65536, 19, 70], muli 5 256 5, [0, 1510199, 69, 65536, 20, 17920]
#20, [0, 1510199, 69, 65536, 20, 17920], gtrr 5 3 5, [0, 1510199, 69, 65536, 21, 0]
#21, [0, 1510199, 69, 65536, 21, 0], addr 5 4 4, [0, 1510199, 69, 65536, 22, 0]
#22, [0, 1510199, 69, 65536, 22, 0], addi 4 1 4, [0, 1510199, 69, 65536, 24, 0]
#24, [0, 1510199, 69, 65536, 24, 0], addi 2 1 2, [0, 1510199, 70, 65536, 25, 0]
#25, [0, 1510199, 70, 65536, 25, 0], seti 17 7 4, [0, 1510199, 70, 65536, 18, 0]
#18, [0, 1510199, 70, 65536, 18, 0], addi 2 1 5, [0, 1510199, 70, 65536, 19, 71]
#19, [0, 1510199, 70, 65536, 19, 71], muli 5 256 5, [0, 1510199, 70, 65536, 20, 18176]
#20, [0, 1510199, 70, 65536, 20, 18176], gtrr 5 3 5, [0, 1510199, 70, 65536, 21, 0]
#21, [0, 1510199, 70, 65536, 21, 0], addr 5 4 4, [0, 1510199, 70, 65536, 22, 0]
#22, [0, 1510199, 70, 65536, 22, 0], addi 4 1 4, [0, 1510199, 70, 65536, 24, 0]
#24, [0, 1510199, 70, 65536, 24, 0], addi 2 1 2, [0, 1510199, 71, 65536, 25, 0]
#25, [0, 1510199, 71, 65536, 25, 0], seti 17 7 4, [0, 1510199, 71, 65536, 18, 0]
#18, [0, 1510199, 71, 65536, 18, 0], addi 2 1 5, [0, 1510199, 71, 65536, 19, 72]
#19, [0, 1510199, 71, 65536, 19, 72], muli 5 256 5, [0, 1510199, 71, 65536, 20, 18432]
#20, [0, 1510199, 71, 65536, 20, 18432], gtrr 5 3 5, [0, 1510199, 71, 65536, 21, 0]
#21, [0, 1510199, 71, 65536, 21, 0], addr 5 4 4, [0, 1510199, 71, 65536, 22, 0]
#22, [0, 1510199, 71, 65536, 22, 0], addi 4 1 4, [0, 1510199, 71, 65536, 24, 0]
#24, [0, 1510199, 71, 65536, 24, 0], addi 2 1 2, [0, 1510199, 72, 65536, 25, 0]
#25, [0, 1510199, 72, 65536, 25, 0], seti 17 7 4, [0, 1510199, 72, 65536, 18, 0]
#18, [0, 1510199, 72, 65536, 18, 0], addi 2 1 5, [0, 1510199, 72, 65536, 19, 73]
#19, [0, 1510199, 72, 65536, 19, 73], muli 5 256 5, [0, 1510199, 72, 65536, 20, 18688]
#20, [0, 1510199, 72, 65536, 20, 18688], gtrr 5 3 5, [0, 1510199, 72, 65536, 21, 0]
#21, [0, 1510199, 72, 65536, 21, 0], addr 5 4 4, [0, 1510199, 72, 65536, 22, 0]
#22, [0, 1510199, 72, 65536, 22, 0], addi 4 1 4, [0, 1510199, 72, 65536, 24, 0]
#24, [0, 1510199, 72, 65536, 24, 0], addi 2 1 2, [0, 1510199, 73, 65536, 25, 0]
#25, [0, 1510199, 73, 65536, 25, 0], seti 17 7 4, [0, 1510199, 73, 65536, 18, 0]
#18, [0, 1510199, 73, 65536, 18, 0], addi 2 1 5, [0, 1510199, 73, 65536, 19, 74]
#19, [0, 1510199, 73, 65536, 19, 74], muli 5 256 5, [0, 1510199, 73, 65536, 20, 18944]
#20, [0, 1510199, 73, 65536, 20, 18944], gtrr 5 3 5, [0, 1510199, 73, 65536, 21, 0]
#21, [0, 1510199, 73, 65536, 21, 0], addr 5 4 4, [0, 1510199, 73, 65536, 22, 0]
#22, [0, 1510199, 73, 65536, 22, 0], addi 4 1 4, [0, 1510199, 73, 65536, 24, 0]
#24, [0, 1510199, 73, 65536, 24, 0], addi 2 1 2, [0, 1510199, 74, 65536, 25, 0]
#25, [0, 1510199, 74, 65536, 25, 0], seti 17 7 4, [0, 1510199, 74, 65536, 18, 0]
#18, [0, 1510199, 74, 65536, 18, 0], addi 2 1 5, [0, 1510199, 74, 65536, 19, 75]
#19, [0, 1510199, 74, 65536, 19, 75], muli 5 256 5, [0, 1510199, 74, 65536, 20, 19200]
#20, [0, 1510199, 74, 65536, 20, 19200], gtrr 5 3 5, [0, 1510199, 74, 65536, 21, 0]
#21, [0, 1510199, 74, 65536, 21, 0], addr 5 4 4, [0, 1510199, 74, 65536, 22, 0]
#22, [0, 1510199, 74, 65536, 22, 0], addi 4 1 4, [0, 1510199, 74, 65536, 24, 0]
#24, [0, 1510199, 74, 65536, 24, 0], addi 2 1 2, [0, 1510199, 75, 65536, 25, 0]
#25, [0, 1510199, 75, 65536, 25, 0], seti 17 7 4, [0, 1510199, 75, 65536, 18, 0]
#18, [0, 1510199, 75, 65536, 18, 0], addi 2 1 5, [0, 1510199, 75, 65536, 19, 76]
#19, [0, 1510199, 75, 65536, 19, 76], muli 5 256 5, [0, 1510199, 75, 65536, 20, 19456]
#20, [0, 1510199, 75, 65536, 20, 19456], gtrr 5 3 5, [0, 1510199, 75, 65536, 21, 0]
#21, [0, 1510199, 75, 65536, 21, 0], addr 5 4 4, [0, 1510199, 75, 65536, 22, 0]
#22, [0, 1510199, 75, 65536, 22, 0], addi 4 1 4, [0, 1510199, 75, 65536, 24, 0]
#24, [0, 1510199, 75, 65536, 24, 0], addi 2 1 2, [0, 1510199, 76, 65536, 25, 0]
#25, [0, 1510199, 76, 65536, 25, 0], seti 17 7 4, [0, 1510199, 76, 65536, 18, 0]
#18, [0, 1510199, 76, 65536, 18, 0], addi 2 1 5, [0, 1510199, 76, 65536, 19, 77]
#19, [0, 1510199, 76, 65536, 19, 77], muli 5 256 5, [0, 1510199, 76, 65536, 20, 19712]
#20, [0, 1510199, 76, 65536, 20, 19712], gtrr 5 3 5, [0, 1510199, 76, 65536, 21, 0]
#21, [0, 1510199, 76, 65536, 21, 0], addr 5 4 4, [0, 1510199, 76, 65536, 22, 0]
#22, [0, 1510199, 76, 65536, 22, 0], addi 4 1 4, [0, 1510199, 76, 65536, 24, 0]
#24, [0, 1510199, 76, 65536, 24, 0], addi 2 1 2, [0, 1510199, 77, 65536, 25, 0]
#25, [0, 1510199, 77, 65536, 25, 0], seti 17 7 4, [0, 1510199, 77, 65536, 18, 0]
#18, [0, 1510199, 77, 65536, 18, 0], addi 2 1 5, [0, 1510199, 77, 65536, 19, 78]
#19, [0, 1510199, 77, 65536, 19, 78], muli 5 256 5, [0, 1510199, 77, 65536, 20, 19968]
#20, [0, 1510199, 77, 65536, 20, 19968], gtrr 5 3 5, [0, 1510199, 77, 65536, 21, 0]
#21, [0, 1510199, 77, 65536, 21, 0], addr 5 4 4, [0, 1510199, 77, 65536, 22, 0]
#22, [0, 1510199, 77, 65536, 22, 0], addi 4 1 4, [0, 1510199, 77, 65536, 24, 0]
#24, [0, 1510199, 77, 65536, 24, 0], addi 2 1 2, [0, 1510199, 78, 65536, 25, 0]
#25, [0, 1510199, 78, 65536, 25, 0], seti 17 7 4, [0, 1510199, 78, 65536, 18, 0]
#18, [0, 1510199, 78, 65536, 18, 0], addi 2 1 5, [0, 1510199, 78, 65536, 19, 79]
#19, [0, 1510199, 78, 65536, 19, 79], muli 5 256 5, [0, 1510199, 78, 65536, 20, 20224]
#20, [0, 1510199, 78, 65536, 20, 20224], gtrr 5 3 5, [0, 1510199, 78, 65536, 21, 0]
#21, [0, 1510199, 78, 65536, 21, 0], addr 5 4 4, [0, 1510199, 78, 65536, 22, 0]
#22, [0, 1510199, 78, 65536, 22, 0], addi 4 1 4, [0, 1510199, 78, 65536, 24, 0]
#24, [0, 1510199, 78, 65536, 24, 0], addi 2 1 2, [0, 1510199, 79, 65536, 25, 0]
#25, [0, 1510199, 79, 65536, 25, 0], seti 17 7 4, [0, 1510199, 79, 65536, 18, 0]
#18, [0, 1510199, 79, 65536, 18, 0], addi 2 1 5, [0, 1510199, 79, 65536, 19, 80]
#19, [0, 1510199, 79, 65536, 19, 80], muli 5 256 5, [0, 1510199, 79, 65536, 20, 20480]
#20, [0, 1510199, 79, 65536, 20, 20480], gtrr 5 3 5, [0, 1510199, 79, 65536, 21, 0]
#21, [0, 1510199, 79, 65536, 21, 0], addr 5 4 4, [0, 1510199, 79, 65536, 22, 0]
#22, [0, 1510199, 79, 65536, 22, 0], addi 4 1 4, [0, 1510199, 79, 65536, 24, 0]
#24, [0, 1510199, 79, 65536, 24, 0], addi 2 1 2, [0, 1510199, 80, 65536, 25, 0]
#25, [0, 1510199, 80, 65536, 25, 0], seti 17 7 4, [0, 1510199, 80, 65536, 18, 0]
#18, [0, 1510199, 80, 65536, 18, 0], addi 2 1 5, [0, 1510199, 80, 65536, 19, 81]
#19, [0, 1510199, 80, 65536, 19, 81], muli 5 256 5, [0, 1510199, 80, 65536, 20, 20736]
#20, [0, 1510199, 80, 65536, 20, 20736], gtrr 5 3 5, [0, 1510199, 80, 65536, 21, 0]
#21, [0, 1510199, 80, 65536, 21, 0], addr 5 4 4, [0, 1510199, 80, 65536, 22, 0]
#22, [0, 1510199, 80, 65536, 22, 0], addi 4 1 4, [0, 1510199, 80, 65536, 24, 0]
#24, [0, 1510199, 80, 65536, 24, 0], addi 2 1 2, [0, 1510199, 81, 65536, 25, 0]
#25, [0, 1510199, 81, 65536, 25, 0], seti 17 7 4, [0, 1510199, 81, 65536, 18, 0]
#18, [0, 1510199, 81, 65536, 18, 0], addi 2 1 5, [0, 1510199, 81, 65536, 19, 82]
#19, [0, 1510199, 81, 65536, 19, 82], muli 5 256 5, [0, 1510199, 81, 65536, 20, 20992]
#20, [0, 1510199, 81, 65536, 20, 20992], gtrr 5 3 5, [0, 1510199, 81, 65536, 21, 0]
#21, [0, 1510199, 81, 65536, 21, 0], addr 5 4 4, [0, 1510199, 81, 65536, 22, 0]
#22, [0, 1510199, 81, 65536, 22, 0], addi 4 1 4, [0, 1510199, 81, 65536, 24, 0]
#24, [0, 1510199, 81, 65536, 24, 0], addi 2 1 2, [0, 1510199, 82, 65536, 25, 0]
#25, [0, 1510199, 82, 65536, 25, 0], seti 17 7 4, [0, 1510199, 82, 65536, 18, 0]
#18, [0, 1510199, 82, 65536, 18, 0], addi 2 1 5, [0, 1510199, 82, 65536, 19, 83]
#19, [0, 1510199, 82, 65536, 19, 83], muli 5 256 5, [0, 1510199, 82, 65536, 20, 21248]
#20, [0, 1510199, 82, 65536, 20, 21248], gtrr 5 3 5, [0, 1510199, 82, 65536, 21, 0]
#21, [0, 1510199, 82, 65536, 21, 0], addr 5 4 4, [0, 1510199, 82, 65536, 22, 0]
#22, [0, 1510199, 82, 65536, 22, 0], addi 4 1 4, [0, 1510199, 82, 65536, 24, 0]
#24, [0, 1510199, 82, 65536, 24, 0], addi 2 1 2, [0, 1510199, 83, 65536, 25, 0]
#25, [0, 1510199, 83, 65536, 25, 0], seti 17 7 4, [0, 1510199, 83, 65536, 18, 0]
#18, [0, 1510199, 83, 65536, 18, 0], addi 2 1 5, [0, 1510199, 83, 65536, 19, 84]
#19, [0, 1510199, 83, 65536, 19, 84], muli 5 256 5, [0, 1510199, 83, 65536, 20, 21504]
#20, [0, 1510199, 83, 65536, 20, 21504], gtrr 5 3 5, [0, 1510199, 83, 65536, 21, 0]
#21, [0, 1510199, 83, 65536, 21, 0], addr 5 4 4, [0, 1510199, 83, 65536, 22, 0]
#22, [0, 1510199, 83, 65536, 22, 0], addi 4 1 4, [0, 1510199, 83, 65536, 24, 0]
#24, [0, 1510199, 83, 65536, 24, 0], addi 2 1 2, [0, 1510199, 84, 65536, 25, 0]
#25, [0, 1510199, 84, 65536, 25, 0], seti 17 7 4, [0, 1510199, 84, 65536, 18, 0]
#18, [0, 1510199, 84, 65536, 18, 0], addi 2 1 5, [0, 1510199, 84, 65536, 19, 85]
#19, [0, 1510199, 84, 65536, 19, 85], muli 5 256 5, [0, 1510199, 84, 65536, 20, 21760]
#20, [0, 1510199, 84, 65536, 20, 21760], gtrr 5 3 5, [0, 1510199, 84, 65536, 21, 0]
#21, [0, 1510199, 84, 65536, 21, 0], addr 5 4 4, [0, 1510199, 84, 65536, 22, 0]
#22, [0, 1510199, 84, 65536, 22, 0], addi 4 1 4, [0, 1510199, 84, 65536, 24, 0]
#24, [0, 1510199, 84, 65536, 24, 0], addi 2 1 2, [0, 1510199, 85, 65536, 25, 0]
#25, [0, 1510199, 85, 65536, 25, 0], seti 17 7 4, [0, 1510199, 85, 65536, 18, 0]
#18, [0, 1510199, 85, 65536, 18, 0], addi 2 1 5, [0, 1510199, 85, 65536, 19, 86]
#19, [0, 1510199, 85, 65536, 19, 86], muli 5 256 5, [0, 1510199, 85, 65536, 20, 22016]
#20, [0, 1510199, 85, 65536, 20, 22016], gtrr 5 3 5, [0, 1510199, 85, 65536, 21, 0]
#21, [0, 1510199, 85, 65536, 21, 0], addr 5 4 4, [0, 1510199, 85, 65536, 22, 0]
#22, [0, 1510199, 85, 65536, 22, 0], addi 4 1 4, [0, 1510199, 85, 65536, 24, 0]
#24, [0, 1510199, 85, 65536, 24, 0], addi 2 1 2, [0, 1510199, 86, 65536, 25, 0]
#25, [0, 1510199, 86, 65536, 25, 0], seti 17 7 4, [0, 1510199, 86, 65536, 18, 0]
#18, [0, 1510199, 86, 65536, 18, 0], addi 2 1 5, [0, 1510199, 86, 65536, 19, 87]
#19, [0, 1510199, 86, 65536, 19, 87], muli 5 256 5, [0, 1510199, 86, 65536, 20, 22272]
#20, [0, 1510199, 86, 65536, 20, 22272], gtrr 5 3 5, [0, 1510199, 86, 65536, 21, 0]
#21, [0, 1510199, 86, 65536, 21, 0], addr 5 4 4, [0, 1510199, 86, 65536, 22, 0]
#22, [0, 1510199, 86, 65536, 22, 0], addi 4 1 4, [0, 1510199, 86, 65536, 24, 0]
#24, [0, 1510199, 86, 65536, 24, 0], addi 2 1 2, [0, 1510199, 87, 65536, 25, 0]
#25, [0, 1510199, 87, 65536, 25, 0], seti 17 7 4, [0, 1510199, 87, 65536, 18, 0]
#18, [0, 1510199, 87, 65536, 18, 0], addi 2 1 5, [0, 1510199, 87, 65536, 19, 88]
#19, [0, 1510199, 87, 65536, 19, 88], muli 5 256 5, [0, 1510199, 87, 65536, 20, 22528]
#20, [0, 1510199, 87, 65536, 20, 22528], gtrr 5 3 5, [0, 1510199, 87, 65536, 21, 0]
#21, [0, 1510199, 87, 65536, 21, 0], addr 5 4 4, [0, 1510199, 87, 65536, 22, 0]
#22, [0, 1510199, 87, 65536, 22, 0], addi 4 1 4, [0, 1510199, 87, 65536, 24, 0]
#24, [0, 1510199, 87, 65536, 24, 0], addi 2 1 2, [0, 1510199, 88, 65536, 25, 0]
#25, [0, 1510199, 88, 65536, 25, 0], seti 17 7 4, [0, 1510199, 88, 65536, 18, 0]
#18, [0, 1510199, 88, 65536, 18, 0], addi 2 1 5, [0, 1510199, 88, 65536, 19, 89]
#19, [0, 1510199, 88, 65536, 19, 89], muli 5 256 5, [0, 1510199, 88, 65536, 20, 22784]
#20, [0, 1510199, 88, 65536, 20, 22784], gtrr 5 3 5, [0, 1510199, 88, 65536, 21, 0]
#21, [0, 1510199, 88, 65536, 21, 0], addr 5 4 4, [0, 1510199, 88, 65536, 22, 0]
#22, [0, 1510199, 88, 65536, 22, 0], addi 4 1 4, [0, 1510199, 88, 65536, 24, 0]
#24, [0, 1510199, 88, 65536, 24, 0], addi 2 1 2, [0, 1510199, 89, 65536, 25, 0]
#25, [0, 1510199, 89, 65536, 25, 0], seti 17 7 4, [0, 1510199, 89, 65536, 18, 0]
#18, [0, 1510199, 89, 65536, 18, 0], addi 2 1 5, [0, 1510199, 89, 65536, 19, 90]
#19, [0, 1510199, 89, 65536, 19, 90], muli 5 256 5, [0, 1510199, 89, 65536, 20, 23040]
#20, [0, 1510199, 89, 65536, 20, 23040], gtrr 5 3 5, [0, 1510199, 89, 65536, 21, 0]
#21, [0, 1510199, 89, 65536, 21, 0], addr 5 4 4, [0, 1510199, 89, 65536, 22, 0]
#22, [0, 1510199, 89, 65536, 22, 0], addi 4 1 4, [0, 1510199, 89, 65536, 24, 0]
#24, [0, 1510199, 89, 65536, 24, 0], addi 2 1 2, [0, 1510199, 90, 65536, 25, 0]
#25, [0, 1510199, 90, 65536, 25, 0], seti 17 7 4, [0, 1510199, 90, 65536, 18, 0]
#18, [0, 1510199, 90, 65536, 18, 0], addi 2 1 5, [0, 1510199, 90, 65536, 19, 91]
#19, [0, 1510199, 90, 65536, 19, 91], muli 5 256 5, [0, 1510199, 90, 65536, 20, 23296]
#20, [0, 1510199, 90, 65536, 20, 23296], gtrr 5 3 5, [0, 1510199, 90, 65536, 21, 0]
#21, [0, 1510199, 90, 65536, 21, 0], addr 5 4 4, [0, 1510199, 90, 65536, 22, 0]
#22, [0, 1510199, 90, 65536, 22, 0], addi 4 1 4, [0, 1510199, 90, 65536, 24, 0]
#24, [0, 1510199, 90, 65536, 24, 0], addi 2 1 2, [0, 1510199, 91, 65536, 25, 0]
#25, [0, 1510199, 91, 65536, 25, 0], seti 17 7 4, [0, 1510199, 91, 65536, 18, 0]
#18, [0, 1510199, 91, 65536, 18, 0], addi 2 1 5, [0, 1510199, 91, 65536, 19, 92]
#19, [0, 1510199, 91, 65536, 19, 92], muli 5 256 5, [0, 1510199, 91, 65536, 20, 23552]
#20, [0, 1510199, 91, 65536, 20, 23552], gtrr 5 3 5, [0, 1510199, 91, 65536, 21, 0]
#21, [0, 1510199, 91, 65536, 21, 0], addr 5 4 4, [0, 1510199, 91, 65536, 22, 0]
#22, [0, 1510199, 91, 65536, 22, 0], addi 4 1 4, [0, 1510199, 91, 65536, 24, 0]
#24, [0, 1510199, 91, 65536, 24, 0], addi 2 1 2, [0, 1510199, 92, 65536, 25, 0]
#25, [0, 1510199, 92, 65536, 25, 0], seti 17 7 4, [0, 1510199, 92, 65536, 18, 0]
#18, [0, 1510199, 92, 65536, 18, 0], addi 2 1 5, [0, 1510199, 92, 65536, 19, 93]
#19, [0, 1510199, 92, 65536, 19, 93], muli 5 256 5, [0, 1510199, 92, 65536, 20, 23808]
#20, [0, 1510199, 92, 65536, 20, 23808], gtrr 5 3 5, [0, 1510199, 92, 65536, 21, 0]
#21, [0, 1510199, 92, 65536, 21, 0], addr 5 4 4, [0, 1510199, 92, 65536, 22, 0]
#22, [0, 1510199, 92, 65536, 22, 0], addi 4 1 4, [0, 1510199, 92, 65536, 24, 0]
#24, [0, 1510199, 92, 65536, 24, 0], addi 2 1 2, [0, 1510199, 93, 65536, 25, 0]
#25, [0, 1510199, 93, 65536, 25, 0], seti 17 7 4, [0, 1510199, 93, 65536, 18, 0]
#18, [0, 1510199, 93, 65536, 18, 0], addi 2 1 5, [0, 1510199, 93, 65536, 19, 94]
#19, [0, 1510199, 93, 65536, 19, 94], muli 5 256 5, [0, 1510199, 93, 65536, 20, 24064]
#20, [0, 1510199, 93, 65536, 20, 24064], gtrr 5 3 5, [0, 1510199, 93, 65536, 21, 0]
#21, [0, 1510199, 93, 65536, 21, 0], addr 5 4 4, [0, 1510199, 93, 65536, 22, 0]
#22, [0, 1510199, 93, 65536, 22, 0], addi 4 1 4, [0, 1510199, 93, 65536, 24, 0]
#24, [0, 1510199, 93, 65536, 24, 0], addi 2 1 2, [0, 1510199, 94, 65536, 25, 0]
#25, [0, 1510199, 94, 65536, 25, 0], seti 17 7 4, [0, 1510199, 94, 65536, 18, 0]
#18, [0, 1510199, 94, 65536, 18, 0], addi 2 1 5, [0, 1510199, 94, 65536, 19, 95]
#19, [0, 1510199, 94, 65536, 19, 95], muli 5 256 5, [0, 1510199, 94, 65536, 20, 24320]
#20, [0, 1510199, 94, 65536, 20, 24320], gtrr 5 3 5, [0, 1510199, 94, 65536, 21, 0]
#21, [0, 1510199, 94, 65536, 21, 0], addr 5 4 4, [0, 1510199, 94, 65536, 22, 0]
#22, [0, 1510199, 94, 65536, 22, 0], addi 4 1 4, [0, 1510199, 94, 65536, 24, 0]
#24, [0, 1510199, 94, 65536, 24, 0], addi 2 1 2, [0, 1510199, 95, 65536, 25, 0]
#25, [0, 1510199, 95, 65536, 25, 0], seti 17 7 4, [0, 1510199, 95, 65536, 18, 0]
#18, [0, 1510199, 95, 65536, 18, 0], addi 2 1 5, [0, 1510199, 95, 65536, 19, 96]
#19, [0, 1510199, 95, 65536, 19, 96], muli 5 256 5, [0, 1510199, 95, 65536, 20, 24576]
#20, [0, 1510199, 95, 65536, 20, 24576], gtrr 5 3 5, [0, 1510199, 95, 65536, 21, 0]
#21, [0, 1510199, 95, 65536, 21, 0], addr 5 4 4, [0, 1510199, 95, 65536, 22, 0]
#22, [0, 1510199, 95, 65536, 22, 0], addi 4 1 4, [0, 1510199, 95, 65536, 24, 0]
#24, [0, 1510199, 95, 65536, 24, 0], addi 2 1 2, [0, 1510199, 96, 65536, 25, 0]
#25, [0, 1510199, 96, 65536, 25, 0], seti 17 7 4, [0, 1510199, 96, 65536, 18, 0]
#18, [0, 1510199, 96, 65536, 18, 0], addi 2 1 5, [0, 1510199, 96, 65536, 19, 97]
#19, [0, 1510199, 96, 65536, 19, 97], muli 5 256 5, [0, 1510199, 96, 65536, 20, 24832]
#20, [0, 1510199, 96, 65536, 20, 24832], gtrr 5 3 5, [0, 1510199, 96, 65536, 21, 0]
#21, [0, 1510199, 96, 65536, 21, 0], addr 5 4 4, [0, 1510199, 96, 65536, 22, 0]
#22, [0, 1510199, 96, 65536, 22, 0], addi 4 1 4, [0, 1510199, 96, 65536, 24, 0]
#24, [0, 1510199, 96, 65536, 24, 0], addi 2 1 2, [0, 1510199, 97, 65536, 25, 0]
#25, [0, 1510199, 97, 65536, 25, 0], seti 17 7 4, [0, 1510199, 97, 65536, 18, 0]
#18, [0, 1510199, 97, 65536, 18, 0], addi 2 1 5, [0, 1510199, 97, 65536, 19, 98]
#19, [0, 1510199, 97, 65536, 19, 98], muli 5 256 5, [0, 1510199, 97, 65536, 20, 25088]
#20, [0, 1510199, 97, 65536, 20, 25088], gtrr 5 3 5, [0, 1510199, 97, 65536, 21, 0]
#21, [0, 1510199, 97, 65536, 21, 0], addr 5 4 4, [0, 1510199, 97, 65536, 22, 0]
#22, [0, 1510199, 97, 65536, 22, 0], addi 4 1 4, [0, 1510199, 97, 65536, 24, 0]
#24, [0, 1510199, 97, 65536, 24, 0], addi 2 1 2, [0, 1510199, 98, 65536, 25, 0]
#25, [0, 1510199, 98, 65536, 25, 0], seti 17 7 4, [0, 1510199, 98, 65536, 18, 0]
#18, [0, 1510199, 98, 65536, 18, 0], addi 2 1 5, [0, 1510199, 98, 65536, 19, 99]
#19, [0, 1510199, 98, 65536, 19, 99], muli 5 256 5, [0, 1510199, 98, 65536, 20, 25344]
#20, [0, 1510199, 98, 65536, 20, 25344], gtrr 5 3 5, [0, 1510199, 98, 65536, 21, 0]
#21, [0, 1510199, 98, 65536, 21, 0], addr 5 4 4, [0, 1510199, 98, 65536, 22, 0]
#22, [0, 1510199, 98, 65536, 22, 0], addi 4 1 4, [0, 1510199, 98, 65536, 24, 0]
#24, [0, 1510199, 98, 65536, 24, 0], addi 2 1 2, [0, 1510199, 99, 65536, 25, 0]
#25, [0, 1510199, 99, 65536, 25, 0], seti 17 7 4, [0, 1510199, 99, 65536, 18, 0]
#18, [0, 1510199, 99, 65536, 18, 0], addi 2 1 5, [0, 1510199, 99, 65536, 19, 100]
#19, [0, 1510199, 99, 65536, 19, 100], muli 5 256 5, [0, 1510199, 99, 65536, 20, 25600]
#20, [0, 1510199, 99, 65536, 20, 25600], gtrr 5 3 5, [0, 1510199, 99, 65536, 21, 0]
#21, [0, 1510199, 99, 65536, 21, 0], addr 5 4 4, [0, 1510199, 99, 65536, 22, 0]
#22, [0, 1510199, 99, 65536, 22, 0], addi 4 1 4, [0, 1510199, 99, 65536, 24, 0]
#24, [0, 1510199, 99, 65536, 24, 0], addi 2 1 2, [0, 1510199, 100, 65536, 25, 0]
#25, [0, 1510199, 100, 65536, 25, 0], seti 17 7 4, [0, 1510199, 100, 65536, 18, 0]
#18, [0, 1510199, 100, 65536, 18, 0], addi 2 1 5, [0, 1510199, 100, 65536, 19, 101]
#19, [0, 1510199, 100, 65536, 19, 101], muli 5 256 5, [0, 1510199, 100, 65536, 20, 25856]
#20, [0, 1510199, 100, 65536, 20, 25856], gtrr 5 3 5, [0, 1510199, 100, 65536, 21, 0]
#21, [0, 1510199, 100, 65536, 21, 0], addr 5 4 4, [0, 1510199, 100, 65536, 22, 0]
#22, [0, 1510199, 100, 65536, 22, 0], addi 4 1 4, [0, 1510199, 100, 65536, 24, 0]
#24, [0, 1510199, 100, 65536, 24, 0], addi 2 1 2, [0, 1510199, 101, 65536, 25, 0]
#25, [0, 1510199, 101, 65536, 25, 0], seti 17 7 4, [0, 1510199, 101, 65536, 18, 0]
#18, [0, 1510199, 101, 65536, 18, 0], addi 2 1 5, [0, 1510199, 101, 65536, 19, 102]
#19, [0, 1510199, 101, 65536, 19, 102], muli 5 256 5, [0, 1510199, 101, 65536, 20, 26112]
#20, [0, 1510199, 101, 65536, 20, 26112], gtrr 5 3 5, [0, 1510199, 101, 65536, 21, 0]
#21, [0, 1510199, 101, 65536, 21, 0], addr 5 4 4, [0, 1510199, 101, 65536, 22, 0]
#22, [0, 1510199, 101, 65536, 22, 0], addi 4 1 4, [0, 1510199, 101, 65536, 24, 0]
#24, [0, 1510199, 101, 65536, 24, 0], addi 2 1 2, [0, 1510199, 102, 65536, 25, 0]
#25, [0, 1510199, 102, 65536, 25, 0], seti 17 7 4, [0, 1510199, 102, 65536, 18, 0]
#18, [0, 1510199, 102, 65536, 18, 0], addi 2 1 5, [0, 1510199, 102, 65536, 19, 103]
#19, [0, 1510199, 102, 65536, 19, 103], muli 5 256 5, [0, 1510199, 102, 65536, 20, 26368]
#20, [0, 1510199, 102, 65536, 20, 26368], gtrr 5 3 5, [0, 1510199, 102, 65536, 21, 0]
#21, [0, 1510199, 102, 65536, 21, 0], addr 5 4 4, [0, 1510199, 102, 65536, 22, 0]
#22, [0, 1510199, 102, 65536, 22, 0], addi 4 1 4, [0, 1510199, 102, 65536, 24, 0]
#24, [0, 1510199, 102, 65536, 24, 0], addi 2 1 2, [0, 1510199, 103, 65536, 25, 0]
#25, [0, 1510199, 103, 65536, 25, 0], seti 17 7 4, [0, 1510199, 103, 65536, 18, 0]
#18, [0, 1510199, 103, 65536, 18, 0], addi 2 1 5, [0, 1510199, 103, 65536, 19, 104]
#19, [0, 1510199, 103, 65536, 19, 104], muli 5 256 5, [0, 1510199, 103, 65536, 20, 26624]
#20, [0, 1510199, 103, 65536, 20, 26624], gtrr 5 3 5, [0, 1510199, 103, 65536, 21, 0]
#21, [0, 1510199, 103, 65536, 21, 0], addr 5 4 4, [0, 1510199, 103, 65536, 22, 0]
#22, [0, 1510199, 103, 65536, 22, 0], addi 4 1 4, [0, 1510199, 103, 65536, 24, 0]
#24, [0, 1510199, 103, 65536, 24, 0], addi 2 1 2, [0, 1510199, 104, 65536, 25, 0]
#25, [0, 1510199, 104, 65536, 25, 0], seti 17 7 4, [0, 1510199, 104, 65536, 18, 0]
#18, [0, 1510199, 104, 65536, 18, 0], addi 2 1 5, [0, 1510199, 104, 65536, 19, 105]
#19, [0, 1510199, 104, 65536, 19, 105], muli 5 256 5, [0, 1510199, 104, 65536, 20, 26880]
#20, [0, 1510199, 104, 65536, 20, 26880], gtrr 5 3 5, [0, 1510199, 104, 65536, 21, 0]
#21, [0, 1510199, 104, 65536, 21, 0], addr 5 4 4, [0, 1510199, 104, 65536, 22, 0]
#22, [0, 1510199, 104, 65536, 22, 0], addi 4 1 4, [0, 1510199, 104, 65536, 24, 0]
#24, [0, 1510199, 104, 65536, 24, 0], addi 2 1 2, [0, 1510199, 105, 65536, 25, 0]
#25, [0, 1510199, 105, 65536, 25, 0], seti 17 7 4, [0, 1510199, 105, 65536, 18, 0]
#18, [0, 1510199, 105, 65536, 18, 0], addi 2 1 5, [0, 1510199, 105, 65536, 19, 106]
#19, [0, 1510199, 105, 65536, 19, 106], muli 5 256 5, [0, 1510199, 105, 65536, 20, 27136]
#20, [0, 1510199, 105, 65536, 20, 27136], gtrr 5 3 5, [0, 1510199, 105, 65536, 21, 0]
#21, [0, 1510199, 105, 65536, 21, 0], addr 5 4 4, [0, 1510199, 105, 65536, 22, 0]
#22, [0, 1510199, 105, 65536, 22, 0], addi 4 1 4, [0, 1510199, 105, 65536, 24, 0]
#24, [0, 1510199, 105, 65536, 24, 0], addi 2 1 2, [0, 1510199, 106, 65536, 25, 0]
#25, [0, 1510199, 106, 65536, 25, 0], seti 17 7 4, [0, 1510199, 106, 65536, 18, 0]
#18, [0, 1510199, 106, 65536, 18, 0], addi 2 1 5, [0, 1510199, 106, 65536, 19, 107]
#19, [0, 1510199, 106, 65536, 19, 107], muli 5 256 5, [0, 1510199, 106, 65536, 20, 27392]
#20, [0, 1510199, 106, 65536, 20, 27392], gtrr 5 3 5, [0, 1510199, 106, 65536, 21, 0]
#21, [0, 1510199, 106, 65536, 21, 0], addr 5 4 4, [0, 1510199, 106, 65536, 22, 0]
#22, [0, 1510199, 106, 65536, 22, 0], addi 4 1 4, [0, 1510199, 106, 65536, 24, 0]
#24, [0, 1510199, 106, 65536, 24, 0], addi 2 1 2, [0, 1510199, 107, 65536, 25, 0]
#25, [0, 1510199, 107, 65536, 25, 0], seti 17 7 4, [0, 1510199, 107, 65536, 18, 0]
#18, [0, 1510199, 107, 65536, 18, 0], addi 2 1 5, [0, 1510199, 107, 65536, 19, 108]
#19, [0, 1510199, 107, 65536, 19, 108], muli 5 256 5, [0, 1510199, 107, 65536, 20, 27648]
#20, [0, 1510199, 107, 65536, 20, 27648], gtrr 5 3 5, [0, 1510199, 107, 65536, 21, 0]
#21, [0, 1510199, 107, 65536, 21, 0], addr 5 4 4, [0, 1510199, 107, 65536, 22, 0]
#22, [0, 1510199, 107, 65536, 22, 0], addi 4 1 4, [0, 1510199, 107, 65536, 24, 0]
#24, [0, 1510199, 107, 65536, 24, 0], addi 2 1 2, [0, 1510199, 108, 65536, 25, 0]
#25, [0, 1510199, 108, 65536, 25, 0], seti 17 7 4, [0, 1510199, 108, 65536, 18, 0]
#18, [0, 1510199, 108, 65536, 18, 0], addi 2 1 5, [0, 1510199, 108, 65536, 19, 109]
#19, [0, 1510199, 108, 65536, 19, 109], muli 5 256 5, [0, 1510199, 108, 65536, 20, 27904]
#20, [0, 1510199, 108, 65536, 20, 27904], gtrr 5 3 5, [0, 1510199, 108, 65536, 21, 0]
#21, [0, 1510199, 108, 65536, 21, 0], addr 5 4 4, [0, 1510199, 108, 65536, 22, 0]
#22, [0, 1510199, 108, 65536, 22, 0], addi 4 1 4, [0, 1510199, 108, 65536, 24, 0]
#24, [0, 1510199, 108, 65536, 24, 0], addi 2 1 2, [0, 1510199, 109, 65536, 25, 0]
#25, [0, 1510199, 109, 65536, 25, 0], seti 17 7 4, [0, 1510199, 109, 65536, 18, 0]
#18, [0, 1510199, 109, 65536, 18, 0], addi 2 1 5, [0, 1510199, 109, 65536, 19, 110]
#19, [0, 1510199, 109, 65536, 19, 110], muli 5 256 5, [0, 1510199, 109, 65536, 20, 28160]
#20, [0, 1510199, 109, 65536, 20, 28160], gtrr 5 3 5, [0, 1510199, 109, 65536, 21, 0]
#21, [0, 1510199, 109, 65536, 21, 0], addr 5 4 4, [0, 1510199, 109, 65536, 22, 0]
#22, [0, 1510199, 109, 65536, 22, 0], addi 4 1 4, [0, 1510199, 109, 65536, 24, 0]
#24, [0, 1510199, 109, 65536, 24, 0], addi 2 1 2, [0, 1510199, 110, 65536, 25, 0]
#25, [0, 1510199, 110, 65536, 25, 0], seti 17 7 4, [0, 1510199, 110, 65536, 18, 0]
#18, [0, 1510199, 110, 65536, 18, 0], addi 2 1 5, [0, 1510199, 110, 65536, 19, 111]
#19, [0, 1510199, 110, 65536, 19, 111], muli 5 256 5, [0, 1510199, 110, 65536, 20, 28416]
#20, [0, 1510199, 110, 65536, 20, 28416], gtrr 5 3 5, [0, 1510199, 110, 65536, 21, 0]
#21, [0, 1510199, 110, 65536, 21, 0], addr 5 4 4, [0, 1510199, 110, 65536, 22, 0]
#22, [0, 1510199, 110, 65536, 22, 0], addi 4 1 4, [0, 1510199, 110, 65536, 24, 0]
#24, [0, 1510199, 110, 65536, 24, 0], addi 2 1 2, [0, 1510199, 111, 65536, 25, 0]
#25, [0, 1510199, 111, 65536, 25, 0], seti 17 7 4, [0, 1510199, 111, 65536, 18, 0]
#18, [0, 1510199, 111, 65536, 18, 0], addi 2 1 5, [0, 1510199, 111, 65536, 19, 112]
#19, [0, 1510199, 111, 65536, 19, 112], muli 5 256 5, [0, 1510199, 111, 65536, 20, 28672]
#20, [0, 1510199, 111, 65536, 20, 28672], gtrr 5 3 5, [0, 1510199, 111, 65536, 21, 0]
#21, [0, 1510199, 111, 65536, 21, 0], addr 5 4 4, [0, 1510199, 111, 65536, 22, 0]
#22, [0, 1510199, 111, 65536, 22, 0], addi 4 1 4, [0, 1510199, 111, 65536, 24, 0]
#24, [0, 1510199, 111, 65536, 24, 0], addi 2 1 2, [0, 1510199, 112, 65536, 25, 0]
#25, [0, 1510199, 112, 65536, 25, 0], seti 17 7 4, [0, 1510199, 112, 65536, 18, 0]
#18, [0, 1510199, 112, 65536, 18, 0], addi 2 1 5, [0, 1510199, 112, 65536, 19, 113]
#19, [0, 1510199, 112, 65536, 19, 113], muli 5 256 5, [0, 1510199, 112, 65536, 20, 28928]
#20, [0, 1510199, 112, 65536, 20, 28928], gtrr 5 3 5, [0, 1510199, 112, 65536, 21, 0]
#21, [0, 1510199, 112, 65536, 21, 0], addr 5 4 4, [0, 1510199, 112, 65536, 22, 0]
#22, [0, 1510199, 112, 65536, 22, 0], addi 4 1 4, [0, 1510199, 112, 65536, 24, 0]
#24, [0, 1510199, 112, 65536, 24, 0], addi 2 1 2, [0, 1510199, 113, 65536, 25, 0]
#25, [0, 1510199, 113, 65536, 25, 0], seti 17 7 4, [0, 1510199, 113, 65536, 18, 0]
#18, [0, 1510199, 113, 65536, 18, 0], addi 2 1 5, [0, 1510199, 113, 65536, 19, 114]
#19, [0, 1510199, 113, 65536, 19, 114], muli 5 256 5, [0, 1510199, 113, 65536, 20, 29184]
#20, [0, 1510199, 113, 65536, 20, 29184], gtrr 5 3 5, [0, 1510199, 113, 65536, 21, 0]
#21, [0, 1510199, 113, 65536, 21, 0], addr 5 4 4, [0, 1510199, 113, 65536, 22, 0]
#22, [0, 1510199, 113, 65536, 22, 0], addi 4 1 4, [0, 1510199, 113, 65536, 24, 0]
#24, [0, 1510199, 113, 65536, 24, 0], addi 2 1 2, [0, 1510199, 114, 65536, 25, 0]
#25, [0, 1510199, 114, 65536, 25, 0], seti 17 7 4, [0, 1510199, 114, 65536, 18, 0]
#18, [0, 1510199, 114, 65536, 18, 0], addi 2 1 5, [0, 1510199, 114, 65536, 19, 115]
#19, [0, 1510199, 114, 65536, 19, 115], muli 5 256 5, [0, 1510199, 114, 65536, 20, 29440]
#20, [0, 1510199, 114, 65536, 20, 29440], gtrr 5 3 5, [0, 1510199, 114, 65536, 21, 0]
#21, [0, 1510199, 114, 65536, 21, 0], addr 5 4 4, [0, 1510199, 114, 65536, 22, 0]
#22, [0, 1510199, 114, 65536, 22, 0], addi 4 1 4, [0, 1510199, 114, 65536, 24, 0]
#24, [0, 1510199, 114, 65536, 24, 0], addi 2 1 2, [0, 1510199, 115, 65536, 25, 0]
#25, [0, 1510199, 115, 65536, 25, 0], seti 17 7 4, [0, 1510199, 115, 65536, 18, 0]
#18, [0, 1510199, 115, 65536, 18, 0], addi 2 1 5, [0, 1510199, 115, 65536, 19, 116]
#19, [0, 1510199, 115, 65536, 19, 116], muli 5 256 5, [0, 1510199, 115, 65536, 20, 29696]
#20, [0, 1510199, 115, 65536, 20, 29696], gtrr 5 3 5, [0, 1510199, 115, 65536, 21, 0]
#21, [0, 1510199, 115, 65536, 21, 0], addr 5 4 4, [0, 1510199, 115, 65536, 22, 0]
#22, [0, 1510199, 115, 65536, 22, 0], addi 4 1 4, [0, 1510199, 115, 65536, 24, 0]
#24, [0, 1510199, 115, 65536, 24, 0], addi 2 1 2, [0, 1510199, 116, 65536, 25, 0]
#25, [0, 1510199, 116, 65536, 25, 0], seti 17 7 4, [0, 1510199, 116, 65536, 18, 0]
#18, [0, 1510199, 116, 65536, 18, 0], addi 2 1 5, [0, 1510199, 116, 65536, 19, 117]
#19, [0, 1510199, 116, 65536, 19, 117], muli 5 256 5, [0, 1510199, 116, 65536, 20, 29952]
#20, [0, 1510199, 116, 65536, 20, 29952], gtrr 5 3 5, [0, 1510199, 116, 65536, 21, 0]
